200
0
0
0
0 0 -0.000000 17.799999 0.000000
1 0 0.559111 17.791216 0.000000
2 0 1.117671 17.764875 0.000000
3 0 1.675128 17.721003 0.000000
4 0 2.230932 17.659641 0.000000
5 0 2.784533 17.580853 0.000000
6 0 3.335387 17.484713 0.000000
7 0 3.882950 17.371317 0.000000
8 0 4.426680 17.240780 0.000000
9 0 4.966042 17.093227 0.000000
10 0 5.500502 16.928804 0.000000
11 0 6.029535 16.747677 0.000000
12 0 6.552617 16.550020 0.000000
13 0 7.069232 16.336031 0.000000
14 0 7.578871 16.105921 0.000000
15 0 8.081031 15.859916 0.000000
16 0 8.575215 15.598258 0.000000
17 0 9.060937 15.321207 0.000000
18 0 9.537717 15.029037 0.000000
19 0 10.005084 14.722034 0.000000
20 0 10.462577 14.400502 0.000000
21 0 10.909745 14.064758 0.000000
22 0 11.346147 13.715136 0.000000
23 0 11.771351 13.351976 0.000000
24 0 12.184938 12.975641 0.000000
25 0 12.586500 12.586500 0.000000
26 0 12.975641 12.184938 0.000000
27 0 13.351976 11.771351 0.000000
28 0 13.715136 11.346147 0.000000
29 0 14.064758 10.909745 0.000000
30 0 14.400502 10.462577 0.000000
31 0 14.722034 10.005084 0.000000
32 0 15.029037 9.537717 0.000000
33 0 15.321207 9.060937 0.000000
34 0 15.598258 8.575215 0.000000
35 0 15.859916 8.081031 0.000000
36 0 16.105921 7.578871 0.000000
37 0 16.336031 7.069232 0.000000
38 0 16.550020 6.552617 0.000000
39 0 16.747677 6.029535 0.000000
40 0 16.928804 5.500502 0.000000
41 0 17.093227 4.966042 0.000000
42 0 17.240780 4.426680 0.000000
43 0 17.371317 3.882950 0.000000
44 0 17.484713 3.335387 0.000000
45 0 17.580853 2.784533 0.000000
46 0 17.659641 2.230932 0.000000
47 0 17.721003 1.675128 0.000000
48 0 17.764875 1.117671 0.000000
49 0 17.791216 0.559111 0.000000
50 0 17.799999 0.000000 0.000000
51 0 17.791216 -0.559111 0.000000
52 0 17.764875 -1.117671 0.000000
53 0 17.721003 -1.675128 0.000000
54 0 17.659641 -2.230932 0.000000
55 0 17.580853 -2.784533 0.000000
56 0 17.484713 -3.335387 0.000000
57 0 17.371317 -3.882950 0.000000
58 0 17.240780 -4.426680 0.000000
59 0 17.093227 -4.966042 0.000000
60 0 16.928804 -5.500502 0.000000
61 0 16.747677 -6.029535 0.000000
62 0 16.550020 -6.552617 0.000000
63 0 16.336031 -7.069232 0.000000
64 0 16.105921 -7.578871 0.000000
65 0 15.859916 -8.081031 0.000000
66 0 15.598258 -8.575215 0.000000
67 0 15.321207 -9.060937 0.000000
68 0 15.029037 -9.537717 0.000000
69 0 14.722034 -10.005084 0.000000
70 0 14.400502 -10.462577 0.000000
71 0 14.064758 -10.909745 0.000000
72 0 13.715136 -11.346147 0.000000
73 0 13.351976 -11.771351 0.000000
74 0 12.975641 -12.184938 0.000000
75 0 12.586500 -12.586500 0.000000
76 0 12.184938 -12.975641 0.000000
77 0 11.771351 -13.351976 0.000000
78 0 11.346147 -13.715136 0.000000
79 0 10.909745 -14.064758 0.000000
80 0 10.462577 -14.400502 0.000000
81 0 10.005084 -14.722034 0.000000
82 0 9.537717 -15.029037 0.000000
83 0 9.060937 -15.321207 0.000000
84 0 8.575215 -15.598258 0.000000
85 0 8.081031 -15.859916 0.000000
86 0 7.578871 -16.105921 0.000000
87 0 7.069232 -16.336031 0.000000
88 0 6.552617 -16.550020 0.000000
89 0 6.029535 -16.747677 0.000000
90 0 5.500502 -16.928804 0.000000
91 0 4.966042 -17.093227 0.000000
92 0 4.426680 -17.240780 0.000000
93 0 3.882950 -17.371317 0.000000
94 0 3.335387 -17.484713 0.000000
95 0 2.784533 -17.580853 0.000000
96 0 2.230932 -17.659641 0.000000
97 0 1.675128 -17.721003 0.000000
98 0 1.117671 -17.764875 0.000000
99 0 0.559111 -17.791216 0.000000
100 0 -0.000000 -17.799999 0.000000
101 0 -0.559111 -17.791216 0.000000
102 0 -1.117671 -17.764875 0.000000
103 0 -1.675128 -17.721003 0.000000
104 0 -2.230932 -17.659641 0.000000
105 0 -2.784533 -17.580853 0.000000
106 0 -3.335387 -17.484713 0.000000
107 0 -3.882950 -17.371317 0.000000
108 0 -4.426680 -17.240780 0.000000
109 0 -4.966042 -17.093227 0.000000
110 0 -5.500502 -16.928804 0.000000
111 0 -6.029535 -16.747677 0.000000
112 0 -6.552617 -16.550020 0.000000
113 0 -7.069232 -16.336031 0.000000
114 0 -7.578871 -16.105921 0.000000
115 0 -8.081031 -15.859916 0.000000
116 0 -8.575215 -15.598258 0.000000
117 0 -9.060937 -15.321207 0.000000
118 0 -9.537717 -15.029037 0.000000
119 0 -10.005084 -14.722034 0.000000
120 0 -10.462577 -14.400502 0.000000
121 0 -10.909745 -14.064758 0.000000
122 0 -11.346147 -13.715136 0.000000
123 0 -11.771351 -13.351976 0.000000
124 0 -12.184938 -12.975641 0.000000
125 0 -12.586500 -12.586500 0.000000
126 0 -12.975641 -12.184938 0.000000
127 0 -13.351976 -11.771351 0.000000
128 0 -13.715136 -11.346147 0.000000
129 0 -14.064758 -10.909745 0.000000
130 0 -14.400502 -10.462577 0.000000
131 0 -14.722034 -10.005084 0.000000
132 0 -15.029037 -9.537717 0.000000
133 0 -15.321207 -9.060937 0.000000
134 0 -15.598258 -8.575215 0.000000
135 0 -15.859916 -8.081031 0.000000
136 0 -16.105921 -7.578871 0.000000
137 0 -16.336031 -7.069232 0.000000
138 0 -16.550020 -6.552617 0.000000
139 0 -16.747677 -6.029535 0.000000
140 0 -16.928804 -5.500502 0.000000
141 0 -17.093227 -4.966042 0.000000
142 0 -17.240780 -4.426680 0.000000
143 0 -17.371317 -3.882950 0.000000
144 0 -17.484713 -3.335387 0.000000
145 0 -17.580853 -2.784533 0.000000
146 0 -17.659641 -2.230932 0.000000
147 0 -17.721003 -1.675128 0.000000
148 0 -17.764875 -1.117671 0.000000
149 0 -17.791216 -0.559111 0.000000
150 0 -17.799999 0.000000 0.000000
151 0 -17.791216 0.559111 0.000000
152 0 -17.764875 1.117671 0.000000
153 0 -17.721003 1.675128 0.000000
154 0 -17.659641 2.230932 0.000000
155 0 -17.580853 2.784533 0.000000
156 0 -17.484713 3.335387 0.000000
157 0 -17.371317 3.882950 0.000000
158 0 -17.240780 4.426680 0.000000
159 0 -17.093227 4.966042 0.000000
160 0 -16.928804 5.500502 0.000000
161 0 -16.747677 6.029535 0.000000
162 0 -16.550020 6.552617 0.000000
163 0 -16.336031 7.069232 0.000000
164 0 -16.105921 7.578871 0.000000
165 0 -15.859916 8.081031 0.000000
166 0 -15.598258 8.575215 0.000000
167 0 -15.321207 9.060937 0.000000
168 0 -15.029037 9.537717 0.000000
169 0 -14.722034 10.005084 0.000000
170 0 -14.400502 10.462577 0.000000
171 0 -14.064758 10.909745 0.000000
172 0 -13.715136 11.346147 0.000000
173 0 -13.351976 11.771351 0.000000
174 0 -12.975641 12.184938 0.000000
175 0 -12.586500 12.586500 0.000000
176 0 -12.184938 12.975641 0.000000
177 0 -11.771351 13.351976 0.000000
178 0 -11.346147 13.715136 0.000000
179 0 -10.909745 14.064758 0.000000
180 0 -10.462577 14.400502 0.000000
181 0 -10.005084 14.722034 0.000000
182 0 -9.537717 15.029037 0.000000
183 0 -9.060937 15.321207 0.000000
184 0 -8.575215 15.598258 0.000000
185 0 -8.081031 15.859916 0.000000
186 0 -7.578871 16.105921 0.000000
187 0 -7.069232 16.336031 0.000000
188 0 -6.552617 16.550020 0.000000
189 0 -6.029535 16.747677 0.000000
190 0 -5.500502 16.928804 0.000000
191 0 -4.966042 17.093227 0.000000
192 0 -4.426680 17.240780 0.000000
193 0 -3.882950 17.371317 0.000000
194 0 -3.335387 17.484713 0.000000
195 0 -2.784533 17.580853 0.000000
196 0 -2.230932 17.659641 0.000000
197 0 -1.675128 17.721003 0.000000
198 0 -1.117671 17.764875 0.000000
199 0 -0.559111 17.791216 0.000000
