2244
31
1092
1286
0 0 0.000000 0.000000 -17.799999
1 0 12.880210 -9.357914 -7.960507
2 0 -4.919706 -15.141565 -7.960513
3 0 -15.920786 0.000000 -7.960438
4 0 -4.919706 15.141565 -7.960513
5 0 4.919706 -15.141565 7.960513
6 0 -12.880210 -9.357914 7.960507
7 0 -12.880210 9.357914 7.960507
8 0 4.919706 15.141565 7.960513
9 0 15.920786 0.000000 7.960438
10 0 0.000000 0.000000 17.799999
11 0 -4.144223 -12.754831 -11.703840
12 0 -2.891709 -8.899920 -15.141647
13 0 -1.381398 -4.251581 -17.229504
14 0 3.616621 -2.627599 -17.229504
15 0 7.570744 -5.500404 -15.141644
16 0 10.849930 -7.882848 -11.703835
17 0 9.468549 -12.134490 -8.940970
18 0 4.679065 -14.400416 -9.358130
19 0 -0.527579 -15.382488 -8.940974
20 0 14.466580 -5.255233 -8.940950
21 0 -13.411261 0.000000 -11.703762
22 0 -9.357989 0.000000 -15.141598
23 0 -4.470416 0.000000 -17.229490
24 0 -8.614691 -12.754859 -8.940969
25 0 -12.249768 -8.899949 -9.358103
26 0 -14.792701 -4.251594 -8.940916
27 0 -4.093767 12.321392 -12.008356
28 0 -1.114861 4.369308 -17.137440
29 0 -14.792701 4.251594 -8.940916
30 0 -12.249768 8.899949 -9.358103
31 0 -8.614691 12.754859 -8.940969
32 0 17.027937 -2.627608 4.470460
33 0 16.928831 -5.500427 0.000000
34 0 15.320417 -7.882868 -4.470485
35 0 16.928831 5.500427 0.000000
36 0 17.027937 2.627608 4.470460
37 0 2.762828 -17.006519 4.470497
38 0 0.000000 -17.800009 0.000000
39 0 -2.762828 -17.006519 -4.470497
40 0 12.231421 -12.134542 -4.470504
41 0 10.462584 -14.400507 0.000000
42 0 7.760921 -15.382553 4.470506
43 0 -16.928831 -5.500427 0.000000
44 0 -17.027937 -2.627608 -4.470460
45 0 -7.760921 -15.382553 -4.470506
46 0 -10.462584 -14.400507 0.000000
47 0 -7.760921 15.382553 -4.470506
48 0 -17.027937 2.627608 -4.470460
49 0 -16.928831 5.500427 0.000000
50 0 7.760921 15.382553 4.470506
51 0 10.462584 14.400507 0.000000
52 0 -2.762828 17.006519 -4.470497
53 0 0.000000 17.800009 0.000000
54 0 2.762828 17.006519 4.470497
55 0 14.792701 -4.251594 8.940916
56 0 12.249768 -8.899949 9.358103
57 0 8.614691 -12.754859 8.940969
58 0 0.527579 -15.382488 8.940974
59 0 -4.679065 -14.400416 9.358130
60 0 -14.466580 -5.255233 8.940950
61 0 -15.141532 0.000000 9.358098
62 0 -14.466580 5.255233 8.940950
63 0 -5.233609 14.275597 9.056742
64 0 0.527579 15.382488 8.940974
65 0 8.614691 12.754859 8.940969
66 0 12.249768 8.899949 9.358103
67 0 14.792701 4.251594 8.940916
68 0 1.381398 -4.251581 17.229504
69 0 2.891709 -8.899920 15.141647
70 0 4.144223 -12.754831 11.703840
71 0 13.411261 0.000000 11.703762
72 0 9.357989 0.000000 15.141598
73 0 4.470416 0.000000 17.229490
74 0 -3.616621 -2.627599 17.229504
75 0 -3.616621 2.627599 17.229504
76 0 1.381398 4.251581 17.229504
77 0 2.891709 8.899920 15.141647
78 0 4.144223 12.754831 11.703840
79 0 6.440045 4.678963 15.920838
80 0 11.359843 4.678983 12.880257
81 0 7.960324 9.357965 12.880286
82 0 -1.161655 12.193160 12.856050
83 0 -7.960336 0.000000 15.920837
84 0 -11.940536 2.891736 12.880273
85 0 -11.940536 -2.891736 12.880273
86 0 -2.459912 -7.570692 15.920851
87 0 -0.939655 -12.249701 12.880299
88 0 6.440045 -4.678963 15.920838
89 0 7.960323 -9.357965 12.880286
90 0 11.359845 -4.678982 12.880258
91 0 15.340115 7.570735 4.919851
92 0 14.400541 10.462526 0.000000
93 0 11.940605 12.249775 4.919873
94 0 -2.459934 16.928791 4.919868
95 0 -5.500494 16.928820 -0.000008
96 0 -16.860394 2.891747 4.919845
97 0 -17.799999 -0.000007 0.000012
98 0 -16.860390 -2.891752 4.919859
99 0 -7.960442 -15.141552 4.919864
100 0 -5.500505 -16.928812 -0.000014
101 0 -2.459947 -16.928789 4.919863
102 0 11.940602 -12.249788 4.919850
103 0 14.400531 -10.462542 -0.000034
104 0 15.340112 -7.570758 4.919821
105 0 5.500506 16.928814 0.000000
106 0 2.849064 16.802353 -4.919876
107 0 -11.940578 12.249803 -4.919871
108 0 -15.340095 7.570770 -4.919854
109 0 -15.340095 -7.570770 -4.919854
110 0 -11.940578 -12.249803 -4.919871
111 0 5.500506 -16.928814 0.000000
112 0 2.459944 -16.928785 -4.919876
113 0 7.960436 -15.141547 -4.919878
114 0 17.799999 0.000000 0.000000
115 0 16.860394 -2.891745 -4.919848
116 0 -7.960348 9.357947 -12.880284
117 0 -6.440062 4.678956 -15.920835
118 0 -11.359864 4.678960 -12.880246
119 0 -11.359862 -4.678977 -12.880245
120 0 -6.440063 -4.678988 -15.920824
121 0 -7.960347 -9.357975 -12.880265
122 0 0.939668 -12.249708 -12.880288
123 0 2.459937 -7.570711 -15.920838
124 0 6.440129 -10.462473 -12.880275
125 0 -15.988076 -6.669830 2.776005
126 0 -15.658460 -6.556632 4.738799
127 0 -15.903722 -6.397146 3.916672
128 0 -14.688633 -7.697739 6.054114
129 0 -13.821934 -8.723529 6.548225
130 0 -11.040946 -11.987432 6.419873
131 0 -10.566830 -14.035763 1.318341
132 0 -10.083635 -14.233238 2.020362
133 0 -9.631046 -14.031010 4.329579
134 0 -9.653060 -14.303289 3.126248
135 0 -9.842592 -13.640574 5.099659
136 0 -10.546192 -12.649877 6.089927
137 0 -11.473650 -13.302030 0.588478
138 0 -12.399569 -12.454226 0.061548
139 0 -14.209069 -10.641579 -0.076593
140 0 -13.201962 -11.646809 -0.055520
141 0 -11.604065 -9.735859 8.960171
142 0 -12.127981 -8.682964 9.403095
143 0 -6.085500 -4.732554 15.822594
144 0 -7.987164 -3.689192 15.139508
145 0 -9.503428 -3.649234 14.264593
146 0 -11.046371 -4.484740 12.847357
147 0 -12.219364 -7.609571 10.074099
148 0 -4.492240 -6.694370 15.608002
149 0 -3.661695 -8.875605 14.666415
150 0 -3.669597 -11.241131 12.945930
151 0 -3.524022 -9.890923 13.975901
152 0 -4.905259 -12.797160 10.930782
153 0 -7.137553 -13.086462 9.285180
154 0 -4.085351 -11.994202 12.060951
155 0 -9.718611 -11.998171 8.502062
156 0 -8.190346 -12.894345 8.761770
157 0 -12.307825 6.879454 10.548621
158 0 -11.929155 9.491121 8.881282
159 0 -12.305098 7.502421 10.089233
160 0 -1.954110 7.735785 15.813293
161 0 -3.473031 4.785118 16.560329
162 0 -2.556110 6.140139 16.329161
163 0 -5.115957 3.231390 16.514843
164 0 -4.312168 3.918589 16.603186
165 0 -1.667040 8.470143 15.343626
166 0 -1.592870 11.173172 13.488407
167 0 -1.436234 9.766470 14.499305
168 0 -2.778856 13.332188 11.114347
169 0 -2.195791 12.672386 12.005562
170 0 -7.289570 2.537986 15.743631
171 0 -7.941074 2.599272 15.448992
172 0 -5.862813 2.662233 16.315483
173 0 -11.448236 4.697825 12.505991
174 0 -10.507127 3.713012 13.590553
175 0 -11.022296 4.145677 13.072371
176 0 -8.604154 2.694218 15.014468
177 0 -11.914001 5.612840 11.605561
178 0 -9.240723 12.786803 7.804322
179 0 -7.880009 13.507360 7.954435
180 0 -10.680733 11.430546 8.057885
181 0 -7.643773 15.343895 4.403632
182 0 -8.121866 14.755417 5.404509
183 0 -8.841816 15.194925 -0.224765
184 0 -8.005905 15.537437 0.814708
185 0 -7.400227 15.626961 3.077057
186 0 -9.049856 13.578480 6.514101
187 0 -10.267036 12.318069 7.199844
188 0 -11.182333 11.337858 7.433265
189 0 -15.029839 6.726437 6.221250
190 0 -14.150362 7.873842 6.879057
191 0 -13.309889 9.009565 7.298815
192 0 -16.284689 5.309000 3.789601
193 0 -16.499416 6.038466 1.287459
194 0 -16.487713 5.530254 2.302158
195 0 -15.942339 5.624995 4.851071
196 0 -15.451382 6.165553 5.637696
197 0 -11.085621 13.510080 -1.584847
198 0 -16.218630 6.836437 0.334016
199 0 -12.937844 11.622875 -1.852914
200 0 -15.799247 7.623844 -0.388127
201 0 -15.202320 8.657894 -1.040199
202 0 2.573427 1.131020 -17.350842
203 0 15.800293 7.082655 -3.036528
204 0 15.019569 8.673297 -2.791555
205 0 13.322202 11.093782 -2.750854
206 0 11.977837 12.550909 -2.923071
207 0 8.516195 14.912313 -3.901840
208 0 10.261667 13.824945 -3.274858
209 0 5.869346 15.825733 -4.823385
210 0 2.792641 16.171204 -6.286119
211 0 1.443500 16.035223 -7.010473
212 0 -1.592899 15.069757 -9.024431
213 0 16.840208 2.062210 -4.922961
214 0 16.425503 4.946846 -3.645727
215 0 14.774796 -2.611099 -9.192444
216 0 15.953690 -1.073764 -7.175335
217 0 -4.235407 10.260784 -13.476978
218 0 -3.609041 8.136853 -15.193957
219 0 12.535148 -3.411611 -11.868439
220 0 11.149099 -3.398867 -13.250778
221 0 7.500909 -2.270407 -15.648796
222 0 5.443448 -1.070032 -16.679119
223 0 -6.782547 -4.229395 15.602003
224 0 -5.172748 -5.710106 15.744219
225 0 -8.913240 -13.586775 6.670036
226 0 -6.273242 -14.826656 7.060555
227 0 0.353727 8.256672 15.516807
228 0 -0.690699 -2.125790 -17.514751
229 0 1.808310 -1.313799 -17.514751
230 0 13.076273 -4.465288 10.910587
231 0 12.658255 -6.569040 -10.322393
232 0 -2.235208 0.000000 -17.514744
233 0 -0.557431 2.184654 -17.468719
234 0 13.775919 -10.008705 -4.470494
235 0 6.340314 -15.262059 6.215509
236 0 -5.784695 8.747400 -14.037121
237 0 -5.261875 -16.194536 -4.470501
238 0 6.767199 -13.948212 8.450741
239 0 15.066406 -5.911176 6.930368
240 0 4.531964 -13.948198 9.832176
241 0 6.914203 0.000000 16.185543
242 0 -8.287519 11.056403 -10.910627
243 0 2.335901 14.068660 10.322407
244 0 7.899017 2.339482 15.531218
245 0 10.358916 2.339491 14.010927
246 0 9.660084 7.018474 12.880272
247 0 -0.206038 13.816094 10.910637
248 0 7.899017 -2.339482 15.531218
249 0 7.200184 -7.018464 14.400562
250 0 8.899945 -4.678973 14.400548
251 0 -0.966177 16.155640 6.930421
252 0 -17.330196 1.445870 2.459928
253 0 -16.860392 -0.000002 4.919852
254 0 -4.131667 -16.967667 -2.235255
255 0 12.095185 -10.574869 7.138977
256 0 14.860474 -9.172705 -2.235259
257 0 13.794940 -8.235353 7.138962
258 0 -6.052285 -11.056403 -12.292053
259 0 -0.151442 -16.967651 -4.695186
260 0 5.210190 -16.035166 -4.919877
261 0 16.090405 -5.387306 -4.695167
262 0 -7.200205 -7.018481 -14.400545
263 0 8.645029 -9.172661 -12.292055
264 0 8.899944 4.678973 14.400547
265 0 -3.894546 9.203086 -14.345257
266 0 16.124624 -6.691648 -2.235242
267 0 -5.024551 6.407905 -15.557396
268 0 7.073807 -13.267453 -9.149549
269 0 -6.630708 16.155685 -2.235257
270 0 -10.358927 2.339480 -14.010921
271 0 -3.517966 -10.827375 -13.422744
272 0 -12.095173 -10.574876 -7.138987
273 0 11.865070 -8.620380 -9.832171
274 0 -2.335901 -14.068660 -10.322407
275 0 13.673395 -7.306574 -8.450728
276 0 -6.379457 -12.754845 -10.322405
277 0 -13.521235 -6.575771 -9.149509
278 0 -12.877436 -4.481441 11.064676
279 0 -10.432230 10.827404 -9.149536
280 0 -1.381414 -17.403263 -2.235248
281 0 14.100313 -8.620391 -6.215496
282 0 12.555816 -10.746227 -6.215506
283 0 11.347002 -13.267525 -2.235252
284 0 14.620687 -3.933166 -9.066697
285 0 -9.111753 -14.891530 -2.235253
286 0 9.111753 14.891530 2.235253
287 0 5.261875 16.194536 4.470501
288 0 1.286713 0.565510 -17.575420
289 0 -13.673395 -7.306574 8.450728
290 0 8.187806 14.068707 6.705738
291 0 10.432230 10.827404 9.149536
292 0 6.379457 -12.754845 10.322405
293 0 2.925907 2.125790 17.229496
294 0 6.379457 12.754845 10.322405
295 0 5.455231 2.339482 16.575165
296 0 8.287507 11.056412 10.910627
297 0 3.841267 -16.074043 6.215505
298 0 5.455231 -2.339482 16.575165
299 0 8.287507 -11.056412 10.910627
300 0 9.660084 -7.018474 12.880272
301 0 10.277648 12.502317 6.930421
302 0 -17.330194 -1.445879 2.459935
303 0 -6.630713 -16.155682 -2.235260
304 0 7.682788 -3.971147 -15.321627
305 0 10.277647 -12.502323 6.930410
306 0 13.315976 -11.298542 -2.235269
307 0 6.630713 16.155684 2.235253
308 0 3.980225 16.928799 -2.459938
309 0 -12.095173 10.574876 -7.138987
310 0 -13.794931 8.235359 -7.138978
311 0 -13.794931 -8.235359 -7.138978
312 0 -9.850749 -13.816177 -4.695189
313 0 10.095929 -13.638044 -4.695191
314 0 -10.105058 9.128948 -11.119194
315 0 -11.804816 6.789454 -11.119175
316 0 -11.804815 -6.789463 -11.119174
317 0 -10.105058 -9.128962 -11.119184
318 0 -1.602277 -12.502270 -12.292065
319 0 -11.817307 -11.146120 6.695281
320 0 1.699802 -9.910210 -14.400563
321 0 -12.245003 8.292555 9.564297
322 0 9.850763 13.816164 4.695189
323 0 2.723643 -15.262027 8.450744
324 0 -2.136554 -6.575750 -16.185575
325 0 -5.455239 2.339478 -16.575163
326 0 -6.432939 14.004913 8.419147
327 0 -6.279529 14.775869 7.159099
328 0 16.978384 4.064017 2.235230
329 0 -15.910318 -3.439600 -6.705688
330 0 -11.422053 12.990805 -3.255597
331 0 -8.187806 14.068707 -6.705738
332 0 -13.235418 11.331569 -3.097696
333 0 15.664680 -7.981484 -0.000017
334 0 -2.075743 -14.891453 9.149551
335 0 16.134472 -6.535592 2.459910
336 0 13.521235 6.575771 9.149509
337 0 2.335901 -14.068660 10.322407
338 0 -3.616621 0.000000 17.229504
339 0 11.804806 6.789466 11.119180
340 0 10.105046 9.128958 11.119194
341 0 -5.788478 -1.313799 16.575171
342 0 -3.038266 -5.099145 16.575176
343 0 -0.206038 -13.816094 10.910637
344 0 16.134472 6.535581 2.459926
345 0 15.664686 7.981477 0.000000
346 0 12.095186 10.574862 7.138988
347 0 -4.143071 11.148779 -12.858756
348 0 -0.966184 -16.155640 6.930418
349 0 7.981544 15.664660 0.000000
350 0 -10.277634 12.502331 -6.930420
351 0 -15.066398 -5.911182 -6.930385
352 0 8.714493 -13.638019 -6.930425
353 0 17.364414 2.750213 0.000000
354 0 17.330196 -1.445872 -2.459924
355 0 1.645204 16.194504 6.705735
356 0 6.325217 -1.584478 -16.237553
357 0 -13.076282 -4.465285 -10.910581
358 0 -4.665886 -6.789454 -15.531236
359 0 -5.426028 -9.128948 -14.010956
360 0 -0.976020 -10.574814 -14.010967
361 0 3.689898 -11.356091 -12.880281
362 0 -5.448565 -4.105906 16.342363
363 0 -11.484342 10.822279 7.824827
364 0 10.999515 -5.640858 -12.477306
365 0 -12.385561 -2.339488 -12.292004
366 0 -4.531964 -13.948198 -9.832176
367 0 -2.723643 -15.262027 -8.450744
368 0 16.677166 5.223637 -1.822863
369 0 -11.384624 0.000000 -13.422680
370 0 -6.767199 -13.948212 -8.450741
371 0 -14.101980 -2.125797 -10.322339
372 0 -14.101980 2.125797 -10.322339
373 0 -3.841267 -16.074043 -6.215505
374 0 2.075743 -14.891453 -9.149551
375 0 9.111753 -14.891530 2.235253
376 0 -6.340314 -15.262059 -6.215509
377 0 16.370796 6.337190 -1.492253
378 0 -13.673395 7.306574 8.450728
379 0 15.910318 3.439600 6.705688
380 0 9.460674 14.622057 -2.180139
381 0 14.101980 2.125797 10.322339
382 0 4.309450 16.156036 -5.341774
383 0 -1.117611 3.439590 17.229504
384 0 13.076272 4.465288 10.910586
385 0 17.320103 1.031105 -2.461481
386 0 -5.788478 1.313799 16.575171
387 0 -9.950436 1.445868 14.400555
388 0 -9.950436 -1.445868 14.400555
389 0 -2.809360 -13.325058 11.119214
390 0 16.184025 5.099172 4.695156
391 0 14.870328 9.016630 2.459926
392 0 13.640360 9.910255 4.919862
393 0 -9.211513 -14.771029 2.459932
394 0 -7.981544 -15.664660 -0.000007
395 0 -5.210194 -16.035172 4.919863
396 0 11.201593 -13.325148 2.459925
397 0 1.602284 -12.502266 12.292069
398 0 -13.640336 9.910286 -4.919863
399 0 -11.201580 -13.325155 -2.459936
400 0 7.981544 -15.664660 0.000000
401 0 9.211510 -14.771027 -2.459939
402 0 17.413967 1.313804 2.235230
403 0 11.762305 -3.481355 -12.647069
404 0 -12.385563 2.339480 -12.292004
405 0 4.450033 -9.016592 -14.400557
406 0 16.978384 -4.064017 2.235230
407 0 12.431557 -12.431524 -0.000017
408 0 -11.431076 -13.427366 0.030774
409 0 1.117611 -3.439590 -17.229504
410 0 -15.356743 2.125797 -8.450677
411 0 -2.925907 -2.125790 -17.229496
412 0 -15.066398 5.911181 -6.930385
413 0 -6.348066 12.684702 -10.368362
414 0 5.261875 -16.194536 4.470501
415 0 6.340314 15.262059 6.215509
416 0 -5.261875 16.194536 -4.470501
417 0 -1.381414 17.403263 -2.235248
418 0 3.841267 16.074043 6.215505
419 0 -14.804056 -2.627617 9.149525
420 0 1.853921 16.571035 -5.824576
421 0 2.723643 15.262027 8.450744
422 0 6.767199 13.948212 8.450741
423 0 2.136554 -6.575750 16.185575
424 0 2.925907 -2.125790 17.229496
425 0 -1.117611 -3.439590 17.229504
426 0 2.136554 6.575750 16.185575
427 0 4.531964 13.948198 9.832176
428 0 3.910722 4.465272 16.575171
429 0 9.755480 -3.158168 -14.139516
430 0 -11.940536 -0.000000 12.880273
431 0 -0.539257 -5.911137 16.575176
432 0 3.910722 -4.465272 16.575171
433 0 13.170573 11.356151 2.459937
434 0 -4.131661 16.967670 -2.235253
435 0 10.432230 -10.827404 9.149536
436 0 -15.408082 -4.396095 7.017347
437 0 15.066408 5.911164 6.930384
438 0 -3.980226 -16.928801 2.459925
439 0 0.729283 2.750165 -17.244141
440 0 -0.151442 16.967651 -4.695186
441 0 -9.850749 13.816177 -4.695189
442 0 14.009180 -2.911974 -10.121889
443 0 3.569504 -15.664600 -7.139003
444 0 6.319751 -14.770982 -7.139004
445 0 4.530034 -1.848815 -16.954311
446 0 -6.020894 10.986246 -12.338020
447 0 -7.200205 7.018452 -14.400559
448 0 -9.660106 7.018454 -12.880265
449 0 -10.358926 -2.339488 -14.010921
450 0 -7.899026 -2.339494 -15.531211
451 0 2.809366 -13.325062 -11.119209
452 0 0.539269 -5.911146 -16.575171
453 0 5.559597 -12.431444 -11.119202
454 0 -14.886569 -6.655731 6.924365
455 0 -13.074823 -11.445690 -2.498232
456 0 -12.953441 -6.411514 9.875685
457 0 -11.751553 -5.511695 11.759591
458 0 16.734980 3.133343 -4.394547
459 0 -0.462792 5.845067 16.601227
460 0 -10.432230 -10.827404 -9.149536
461 0 5.593682 -4.064002 -16.185574
462 0 -9.879583 3.268518 14.105740
463 0 10.105045 -9.128957 11.119194
464 0 -14.666023 0.000000 -9.832100
465 0 11.804807 -6.789466 11.119181
466 0 -15.356743 -2.125797 -8.450677
467 0 -9.607931 14.461111 -2.672970
468 0 17.027937 0.000000 4.470460
469 0 1.381414 -17.403263 2.235248
470 0 -1.645204 -16.194504 -6.705735
471 0 -16.474361 -1.313804 -6.215449
472 0 -16.474361 1.313804 -6.215449
473 0 -16.978384 4.064017 -2.235230
474 0 -14.285196 10.053942 -1.573390
475 0 1.381414 17.403263 2.235248
476 0 15.910318 -3.439600 6.705688
477 0 8.187806 -14.068707 6.705738
478 0 1.645204 -16.194504 6.705735
479 0 -14.804056 2.627617 9.149525
480 0 14.623355 9.755192 -1.363577
481 0 14.009134 10.600437 -1.364140
482 0 3.517966 -10.827375 13.422744
483 0 -6.914203 0.000000 -16.185543
484 0 3.517966 10.827375 13.422744
485 0 4.665877 6.789442 15.531242
486 0 5.426016 9.128942 14.010967
487 0 0.976027 10.574810 14.010973
488 0 -13.541034 1.445868 11.119185
489 0 -13.541034 -1.445868 11.119185
490 0 0.215899 -8.235306 15.531249
491 0 0.976027 -10.574810 14.010973
492 0 4.665877 -6.789442 15.531242
493 0 5.426016 -9.128942 14.010967
494 0 -1.229967 17.364399 2.459934
495 0 -2.750247 17.364414 -0.000004
496 0 -16.000963 1.445873 7.138971
497 0 -17.413967 1.313800 -2.235224
498 0 -16.000961 -1.445876 7.138978
499 0 0.151441 -16.967655 4.695180
500 0 9.850761 -13.816171 4.695178
501 0 16.184025 -5.099183 4.695140
502 0 2.750253 17.364410 0.000000
503 0 1.229972 17.364397 -2.459938
504 0 11.174379 -10.746202 -8.450739
505 0 -16.184015 5.099189 -4.695157
506 0 -13.640336 -9.910286 -4.919863
507 0 4.131667 -16.967667 2.235248
508 0 0.966182 -16.155636 -6.930425
509 0 17.413967 -1.313804 2.235230
510 0 -8.899963 4.678958 -14.400540
511 0 0.206045 -13.816098 -10.910631
512 0 3.038279 -5.099154 -16.575171
513 0 -0.215886 -8.235315 -15.531242
514 0 10.358917 -2.339491 14.010927
515 0 -8.187806 -14.068707 -6.705738
516 0 11.078239 13.619831 -1.483968
517 0 -6.730474 -16.035183 2.459925
518 0 -14.774582 -9.106174 -2.498223
519 0 -2.361952 6.253081 -16.165699
520 0 -2.177864 16.038139 -6.747464
521 0 7.954339 -11.298481 -10.910623
522 0 6.630713 -16.155684 2.235253
523 0 -15.910318 3.439600 -6.705688
524 0 16.888033 -0.330368 -4.859783
525 0 -6.640873 16.043230 2.374777
526 0 -2.792639 2.184654 -17.183464
527 0 -6.767199 13.948212 -8.450741
528 0 16.474361 -1.313804 6.215449
529 0 16.474361 1.313804 6.215449
530 0 -16.978384 -4.064017 -2.235230
531 0 -6.340314 15.262059 -6.215509
532 0 -14.838311 8.851597 -3.078029
533 0 3.095024 -0.748289 -17.290173
534 0 -3.841267 16.074043 -6.215505
535 0 10.159239 -10.008669 -10.322403
536 0 15.356743 -2.125797 8.450677
537 0 15.356743 2.125797 8.450677
538 0 -3.569506 -15.664602 7.138996
539 0 14.666023 0.000000 9.832100
540 0 6.797007 16.047026 -2.038366
541 0 -3.256302 15.105661 -8.492472
542 0 6.052273 11.056398 12.292063
543 0 1.602284 12.502266 12.292069
544 0 -13.203558 4.073484 10.910612
545 0 -1.699783 -9.910196 14.400575
546 0 6.052273 -11.056398 12.292063
547 0 10.849985 -12.134516 -6.705737
548 0 0.151447 16.967655 4.695182
549 0 -3.980214 16.928806 2.459929
550 0 -15.663486 4.073490 6.930398
551 0 -17.364414 -2.750217 0.000006
552 0 -16.894611 -4.196089 2.459929
553 0 -2.750253 -17.364410 -0.000007
554 0 -1.229973 -17.364399 2.459931
555 0 13.170567 -11.356165 2.459908
556 0 13.640357 -9.910273 4.919836
557 0 4.131667 16.967667 2.235248
558 0 13.599867 -4.334332 -10.305956
559 0 -16.134462 -6.535599 -2.459927
560 0 2.750253 -17.364410 0.000000
561 0 1.229972 -17.364397 -2.459938
562 0 17.364414 -2.750213 0.000000
563 0 16.894611 -4.196086 -2.459924
564 0 -3.777462 4.524132 -16.529137
565 0 -5.455239 -2.339494 -16.575157
566 0 -15.541675 -7.990384 0.014064
567 0 9.359921 -4.449636 -14.196211
568 0 -8.695018 13.562723 6.858897
569 0 12.431562 12.431517 0.000000
570 0 11.201594 13.325141 2.459937
571 0 -4.500574 13.878056 -9.878135
572 0 -3.826833 13.940974 10.108434
573 0 9.210337 -6.691626 -13.422740
574 0 -5.169963 16.040058 4.939968
575 0 -13.521235 6.575771 -9.149509
576 0 14.893499 -6.569051 -6.705718
577 0 -8.287519 -11.056417 -10.910618
578 0 -15.082426 6.373731 6.805202
579 0 -17.027937 0.000000 -4.470460
580 0 13.521235 -6.575771 9.149509
581 0 -0.374508 15.522273 -8.178421
582 0 -2.075743 14.891453 9.149551
583 0 0.690699 -2.125790 17.514751
584 0 14.101980 -2.125797 10.322339
585 0 11.384624 0.000000 13.422680
586 0 2.235208 0.000000 17.514744
587 0 -1.808310 -1.313799 17.514751
588 0 -1.808310 1.313799 17.514751
589 0 0.690699 2.125790 17.514751
590 0 12.385551 2.339491 12.292009
591 0 7.200185 7.018464 14.400562
592 0 12.385553 -2.339491 12.292009
593 0 13.794941 8.235342 7.138977
594 0 -3.569499 15.664604 7.138999
595 0 -16.894611 4.196087 2.459923
596 0 -17.364414 2.750210 0.000006
597 0 14.870321 -9.016649 2.459893
598 0 -16.134462 6.535598 -2.459927
599 0 -16.184015 -5.099189 -4.695157
600 0 -10.277634 -12.502331 -6.930420
601 0 3.980225 -16.928799 -2.459938
602 0 6.730471 -16.035181 -2.459939
603 0 15.663486 -4.073489 -6.930399
604 0 -13.076283 4.465277 -10.910582
605 0 -8.899962 -4.678982 -14.400535
606 0 -9.660105 -7.018476 -12.880255
607 0 5.015340 -6.535558 -15.531241
608 0 7.005436 -7.981439 -14.010960
609 0 -3.910730 -4.465284 -16.575165
610 0 -17.413967 -1.313807 -2.235224
611 0 -2.837170 13.842152 -10.410093
612 0 -7.810871 -2.538152 15.403980
613 0 -7.899025 2.339478 -15.531216
614 0 4.008437 0.030494 -17.014980
615 0 6.106411 -2.909981 -16.137970
616 0 12.299690 -4.987595 -11.391632
617 0 -4.957720 10.094666 -13.341639
618 0 -0.262975 16.244961 -6.436803
619 0 5.406715 16.235039 -3.479121
620 0 -15.980878 -5.289063 4.752860
621 0 12.441317 12.251009 -1.424148
622 0 15.497076 8.046190 -1.427915
623 0 -12.958694 -9.701973 6.761388
624 0 -1.036049 -3.188685 -17.372128
625 0 2.712465 -1.970699 -17.372128
626 0 -12.755692 5.476469 10.729616
627 0 12.218060 -4.572135 11.895422
628 0 13.562418 -5.912137 -9.631672
629 0 -3.352812 0.000000 -17.372116
630 0 -0.836146 3.276981 -17.303080
631 0 13.003670 -11.071623 -4.470499
632 0 7.050617 -15.322306 5.343008
633 0 -4.696868 8.442127 -14.615540
634 0 -6.511398 -15.788545 -4.470503
635 0 -15.486387 7.693598 -2.768978
636 0 7.690945 -13.351536 8.695855
637 0 15.203259 -6.740967 5.925095
638 0 4.338094 -13.351515 10.768008
639 0 5.692309 0.000000 16.707516
640 0 -8.123934 10.207175 -11.895456
641 0 3.240062 13.411745 11.013124
642 0 7.169531 3.509223 15.726028
643 0 10.859380 3.509237 13.445592
644 0 8.810204 8.188220 12.880280
645 0 -0.572846 13.032898 11.895468
646 0 7.169531 -3.509223 15.726028
647 0 7.580254 -8.188214 13.640425
648 0 10.129895 -4.678977 13.640403
649 0 -1.713056 16.542215 5.925144
650 0 -17.565098 0.722932 1.229970
651 0 -16.860390 -1.445877 4.919856
652 0 -4.816086 -16.948238 -1.117634
653 0 12.017894 -11.412329 6.029413
654 0 14.630503 -9.817623 -1.117646
655 0 14.567526 -7.903056 6.029391
656 0 -7.006316 -10.207190 -12.586159
657 0 1.154251 -16.948219 -4.807531
658 0 6.585313 -15.588356 -4.919878
659 0 16.475399 -4.139525 -4.807508
660 0 -7.580276 -8.188229 -13.640406
661 0 7.542579 -9.817567 -12.586164
662 0 10.129894 4.678978 13.640402
663 0 15.722521 -7.287258 -3.352864
664 0 -4.316796 7.272379 -15.375677
665 0 5.876436 -13.833935 -9.253839
666 0 -6.065601 16.542252 -1.117633
667 0 -11.109898 -11.300990 7.609749
668 0 -10.859396 3.509220 -13.445583
669 0 -3.204837 -9.863647 -14.282196
670 0 -12.017876 -11.412339 -6.029429
671 0 11.357500 -8.251614 -10.768003
672 0 -1.860465 5.432599 16.572075
673 0 -1.431740 -14.725574 -9.631691
674 0 14.069988 -6.280904 -8.695839
675 0 -7.497074 -12.754852 -9.631687
676 0 -14.156967 -5.413682 -9.045213
677 0 -12.408985 -3.686588 11.972475
678 0 -7.736262 15.675305 -1.230011
679 0 -9.523460 11.791132 -9.045253
680 0 -2.072121 -17.204891 -3.352872
681 0 14.710365 -8.251629 -5.342990
682 0 12.393619 -11.440384 -5.343005
683 0 10.904793 -13.834016 -1.117626
684 0 -10.007247 14.304505 -2.005899
685 0 14.697742 -3.272133 -9.129570
686 0 -9.787169 -14.646019 -1.117626
687 0 9.787169 14.646019 1.117626
688 0 4.012352 16.600529 4.470499
689 0 1.930070 0.848265 -17.463131
690 0 -14.069988 -6.280904 8.695839
691 0 8.401249 13.411783 7.823354
692 0 11.341000 9.863676 9.253819
693 0 5.261840 -12.754838 11.013123
694 0 2.153653 3.188685 17.229500
695 0 5.261840 12.754838 11.013123
696 0 5.947638 3.509223 16.248001
697 0 8.123916 10.207189 11.895456
698 0 3.302048 -16.540281 5.343000
699 0 5.947638 -3.509223 16.248001
700 0 8.123915 -10.207188 11.895456
701 0 10.509964 -5.848728 12.880264
702 0 11.109127 12.376046 5.925147
703 0 -17.095291 -2.168815 3.689897
704 0 -6.065609 -16.542248 -1.117637
705 0 7.738810 -3.206518 -15.411617
706 0 11.109125 -12.376056 5.925130
707 0 13.858253 -10.880542 -1.117651
708 0 6.065610 16.542248 1.117626
709 0 3.592956 16.778854 -3.817305
710 0 -12.017876 11.412339 -6.029429
711 0 -14.567513 7.903065 -6.029416
712 0 -14.567513 -7.903065 -6.029416
713 0 -10.895663 -13.032990 -4.807530
714 0 9.028183 -14.389795 -4.807535
715 0 -9.032702 9.243448 -11.999739
716 0 -11.582340 5.734207 -11.999710
717 0 -11.582338 -5.734220 -11.999710
718 0 -9.032702 -9.243468 -11.999725
719 0 -0.331305 -12.375989 -12.586176
720 0 -9.447708 -14.560848 2.635317
721 0 2.079870 -8.740460 -15.160701
722 0 10.895684 13.032969 4.807531
723 0 -0.223644 10.329084 14.151403
724 0 1.625611 -15.322258 8.695859
725 0 -0.800191 7.996229 15.665051
726 0 -1.758976 -5.413666 -16.707539
727 0 -0.790202 4.642328 16.915365
728 0 -5.947650 3.509217 -16.247999
729 0 -7.026995 15.003102 5.956258
730 0 17.003160 3.345812 3.352845
731 0 -16.469128 -3.033604 -5.588074
732 0 -11.323353 13.196009 -2.472031
733 0 -7.974363 14.725630 -5.588121
734 0 -15.776192 7.410613 -1.652930
735 0 -9.224874 14.828018 -1.448867
736 0 15.032606 -9.222013 -0.000025
737 0 -3.377404 -14.645935 9.253840
738 0 15.737291 -7.053175 3.689866
739 0 14.156967 5.413682 9.045213
740 0 3.240062 -13.411745 11.013124
741 0 -3.616621 1.313799 17.229504
742 0 11.582325 5.734224 11.999718
743 0 9.032685 9.243462 11.999741
744 0 -6.874407 -0.656900 16.248005
745 0 -2.749089 -6.334919 16.248013
746 0 -0.572846 -13.032898 11.895468
747 0 15.737293 7.053158 3.689888
748 0 15.032614 9.222002 0.000000
749 0 12.017896 11.412318 6.029430
750 0 -1.713065 -16.542213 5.925140
751 0 6.741025 16.296738 0.000000
752 0 -11.109106 12.376066 -5.925146
753 0 -15.203246 -6.740976 -5.925119
754 0 8.337464 -14.389783 -5.925152
755 0 17.582207 1.375107 0.000000
756 0 17.095295 -2.168808 -3.689886
757 0 1.086391 15.788496 7.823355
758 0 -12.218072 -4.572131 -11.895412
759 0 -5.552974 -5.734221 -15.726030
760 0 -6.693188 -9.243462 -13.445610
761 0 -0.018176 -11.412261 -13.445627
762 0 5.065014 -10.909282 -12.880278
763 0 -15.433723 -5.972397 5.838613
764 0 11.074306 -4.519863 -12.864042
765 0 -7.487273 14.169296 7.008998
766 0 -1.140890 14.353773 10.030094
767 0 -11.872711 -3.509233 -12.586124
768 0 -4.338094 -13.351515 -10.768008
769 0 -12.847514 6.473399 10.146704
770 0 -1.625611 -15.322258 -8.695859
771 0 16.730827 4.260681 -3.031704
772 0 -10.371307 0.000000 -14.282139
773 0 -7.690945 -13.351536 -8.695855
774 0 -14.447340 -3.188695 -9.631628
775 0 -14.447340 3.188695 -9.631628
776 0 -3.302048 -16.540281 -5.343000
777 0 0.774082 -15.136971 -9.045263
778 0 8.436337 -15.137041 3.352879
779 0 -7.050617 -15.322306 -5.343008
780 0 12.852946 11.924036 -0.704597
781 0 -14.069988 6.280904 8.695839
782 0 15.351509 3.845597 7.823302
783 0 8.685777 14.974054 -3.057549
784 0 13.756620 1.062898 11.013050
785 0 0.131894 3.845585 17.229504
786 0 12.218058 4.572135 11.895422
787 0 17.053848 1.814441 -3.560117
788 0 -6.874407 0.656900 16.248005
789 0 -10.945486 2.168802 13.640413
790 0 -10.945486 -2.168802 13.640413
791 0 -1.874507 -12.787379 11.999756
792 0 15.762070 6.334953 4.807504
793 0 14.635435 9.739578 1.229963
794 0 12.790483 11.080015 4.919868
795 0 -8.585978 -14.956291 3.689898
796 0 -6.741025 -16.296736 -0.000010
797 0 -3.835071 -16.481979 4.919863
798 0 11.571098 -12.787468 3.689888
799 0 0.331315 -12.375983 12.586184
800 0 -14.490215 8.740528 -4.919858
801 0 -11.571079 -12.787479 -3.689903
802 0 6.741025 -16.296738 0.000000
803 0 8.585973 -14.956287 -3.689909
804 0 17.606983 0.656902 1.117615
805 0 -11.872713 3.509220 -12.586124
806 0 5.445081 -9.739532 -13.640415
807 0 -8.855845 -3.107727 14.710076
808 0 16.953608 -4.782222 1.117615
809 0 13.416044 -11.447033 -0.000025
810 0 -11.915322 -12.940796 0.046161
811 0 -15.078032 -8.900288 0.648021
812 0 -9.925628 -2.561585 14.208364
813 0 0.664877 9.415741 14.763889
814 0 -2.516463 14.176772 10.029771
815 0 2.367116 -3.033594 -17.229504
816 0 -15.074722 3.188695 -8.695797
817 0 -3.698162 -1.062895 -17.229492
818 0 -15.203246 6.740975 -5.925119
819 0 -7.481379 12.719780 -9.654666
820 0 6.511398 -15.788545 4.470503
821 0 7.050617 15.322306 5.343008
822 0 -4.012352 16.600529 -4.470499
823 0 -0.690707 17.601635 -1.117624
824 0 3.302048 16.540281 5.343000
825 0 -14.972794 -1.313808 9.253811
826 0 1.625611 15.322258 8.695859
827 0 7.690945 13.351536 8.695855
828 0 2.514131 -7.737835 15.663611
829 0 3.698162 -1.062895 17.229492
830 0 -2.367116 -3.033594 17.229504
831 0 2.514131 7.737835 15.663611
832 0 4.338094 13.351515 10.768008
833 0 5.175384 4.572118 16.248005
834 0 -11.940536 -1.445868 12.880273
835 0 -1.499584 -6.740914 16.248013
836 0 5.175384 -4.572118 16.248005
837 0 12.555590 11.802963 3.689905
838 0 -4.816078 16.948246 -1.117630
839 0 9.523460 -11.791132 9.045253
840 0 -16.134235 -3.643923 5.968603
841 0 15.203261 6.740950 5.925117
842 0 -3.220087 -16.928795 3.689894
843 0 1.154251 16.948219 -4.807531
844 0 -10.895663 13.032990 -4.807530
845 0 3.014724 -16.296692 -6.029439
846 0 7.140094 -14.956264 -6.029441
847 0 4.986741 -1.459423 -16.816715
848 0 -6.990621 10.172096 -12.609152
849 0 -6.820133 5.848704 -15.160697
850 0 -10.509985 5.848707 -12.880256
851 0 -10.859394 -3.509233 -13.445583
852 0 -7.169544 -3.509241 -15.726017
853 0 1.874517 -12.787385 -11.999748
854 0 1.499603 -6.740928 -16.248005
855 0 5.999863 -11.446959 -11.999739
856 0 -14.925038 -7.039422 6.354363
857 0 -13.641947 -11.043634 -1.287412
858 0 -12.601633 -6.831644 10.086725
859 0 -1.208451 6.790426 16.207260
860 0 -11.341000 -9.863676 -9.253819
861 0 6.582213 -4.782203 -15.663609
862 0 -12.396887 4.477679 11.613905
863 0 -9.276411 2.947147 14.544760
864 0 9.032684 -9.243461 11.999741
865 0 -14.038642 0.000000 -10.767931
866 0 11.582326 -5.734224 11.999720
867 0 -15.074722 -3.188695 -8.695797
868 0 17.027937 1.313804 4.470460
869 0 0.690707 -17.601635 1.117624
870 0 -2.204016 -16.600512 -5.588116
871 0 17.342258 1.890659 -1.230740
872 0 -16.751148 -1.970706 -5.342955
873 0 -16.751148 1.970706 -5.342955
874 0 -16.953608 4.782222 -1.117615
875 0 -11.994364 12.511452 -2.582014
876 0 2.072121 17.204891 3.352872
877 0 15.351509 -3.845597 7.823302
878 0 8.401249 -13.411783 7.823354
879 0 1.086391 -15.788496 7.823355
880 0 -14.635319 3.941425 9.045238
881 0 12.019933 12.758490 -0.719552
882 0 12.578710 12.027163 -2.125006
883 0 3.831094 -11.791103 12.563292
884 0 -5.692309 0.000000 -16.707516
885 0 3.831094 11.791103 12.563292
886 0 5.552961 5.734202 15.726040
887 0 6.693170 9.243454 13.445627
888 0 0.018187 11.412255 13.445636
889 0 -12.740785 2.168802 11.999729
890 0 -12.740785 -2.168802 11.999729
891 0 -1.122007 -7.902999 15.726049
892 0 0.018186 -11.412255 13.445636
893 0 5.552961 -5.734202 15.726040
894 0 6.693170 -9.243454 13.445627
895 0 -1.844950 17.146595 3.689901
896 0 -4.125371 17.146618 -0.000006
897 0 -16.430679 2.168810 6.029408
898 0 -17.606983 0.656897 -1.117606
899 0 -16.430676 -2.168814 6.029419
900 0 -1.154253 -16.948223 4.807521
901 0 10.895681 -13.032980 4.807514
902 0 15.762068 -6.334970 4.807481
903 0 4.125380 17.146612 0.000000
904 0 1.844958 17.146591 -3.689907
905 0 10.321465 -11.440346 -8.695854
906 0 -15.762054 6.334979 -4.807506
907 0 -12.790457 -11.080044 -4.919867
908 0 4.816087 -16.948240 1.117624
909 0 1.713063 -16.542210 -5.925150
910 0 17.606983 -0.656902 1.117615
911 0 -10.129913 4.678959 -13.640393
912 0 0.572856 -13.032904 -11.895460
913 0 2.749108 -6.334932 -16.248005
914 0 1.122025 -7.903013 -15.726040
915 0 10.859381 -3.509237 13.445593
916 0 -7.974363 -14.725630 -5.588121
917 0 11.518583 13.095901 -2.214736
918 0 -6.115489 -16.481998 1.229956
919 0 -14.491825 -9.873877 -1.287408
920 0 -9.839039 2.307148 14.310225
921 0 -1.885381 15.553948 -7.885948
922 0 7.197234 -10.880477 -11.895449
923 0 -10.372433 -12.156284 7.279500
924 0 6.065610 -16.542248 1.117626
925 0 -16.469128 3.033604 -5.588074
926 0 16.864120 0.865921 -4.891372
927 0 -7.033415 15.788196 3.097718
928 0 -1.953750 3.276981 -17.160452
929 0 -7.171155 16.061872 -0.112387
930 0 -10.514992 13.725958 -2.964283
931 0 -7.690945 13.351536 -8.695855
932 0 16.751148 -1.970706 5.342955
933 0 16.751148 1.970706 5.342955
934 0 -17.003160 -3.345812 -3.352845
935 0 -7.050617 15.322306 -5.343008
936 0 -15.107281 -8.892086 0.091387
937 0 2.834225 0.191366 -17.320507
938 0 -3.302048 16.540281 -5.343000
939 0 9.813894 -11.071579 -9.631687
940 0 15.074722 -3.188695 8.695797
941 0 15.074722 3.188695 8.695797
942 0 -3.014726 -16.296696 6.029429
943 0 14.038642 0.000000 10.767931
944 0 7.445257 15.606132 -3.057549
945 0 -2.424601 15.087709 -8.758451
946 0 7.006299 10.207182 12.586174
947 0 0.331315 12.375983 12.586184
948 0 -12.572046 3.482610 11.895443
949 0 -1.319719 -11.079948 13.640436
950 0 7.006298 -10.207182 12.586174
951 0 11.540703 -12.134529 -5.588120
952 0 -1.154243 16.948223 4.807525
953 0 -4.740355 16.928814 1.229961
954 0 -16.261940 3.482618 5.925121
955 0 -17.582207 -1.375112 0.000009
956 0 -16.877501 -3.543921 3.689894
957 0 -4.125379 -17.146610 -0.000010
958 0 -1.844960 -17.146595 3.689897
959 0 13.785549 -10.909353 1.229937
960 0 14.490234 -8.740515 4.919828
961 0 4.816087 16.948240 1.117624
962 0 13.166511 -3.873881 -10.988459
963 0 -15.737278 -7.053185 -3.689891
964 0 4.125380 -17.146612 0.000000
965 0 1.844958 -17.146591 -3.689907
966 0 17.582207 -1.375107 0.000000
967 0 16.877502 -3.543915 -3.689886
968 0 -5.108762 4.601544 -16.224985
969 0 -5.947651 -3.509241 -16.247990
970 0 10.254511 -3.924252 -13.723495
971 0 0.836881 6.210409 16.393402
972 0 -8.466343 14.079917 6.240218
973 0 13.416052 11.447021 0.000000
974 0 11.571100 12.787458 3.689905
975 0 -4.291007 13.246301 -10.836946
976 0 10.030133 -7.287237 -12.563288
977 0 -6.472212 15.635197 4.846692
978 0 -12.885502 7.737860 -9.253806
979 0 15.106958 -7.225959 -5.588101
980 0 -8.123934 -10.207196 -11.895441
981 0 -17.027937 1.313804 -4.470460
982 0 12.885502 -7.737860 9.253806
983 0 -0.774082 15.136971 9.045263
984 0 1.036049 -3.188685 17.372128
985 0 13.756620 -1.062898 11.013050
986 0 10.371307 0.000000 14.282139
987 0 3.352812 0.000000 17.372116
988 0 -2.712465 -1.970699 17.372128
989 0 -2.712465 1.970699 17.372128
990 0 1.036049 3.188685 17.372128
991 0 11.872698 3.509237 12.586133
992 0 7.580255 8.188215 13.640425
993 0 11.872700 -3.509237 12.586134
994 0 14.567528 7.903039 6.029414
995 0 -3.014717 16.296698 6.029433
996 0 -16.877502 3.543917 3.689884
997 0 -17.582207 1.375102 0.000009
998 0 15.105217 -8.293703 3.689857
999 0 -15.737278 7.053184 -3.689891
1000 0 -15.762054 -6.334980 -4.807506
1001 0 -11.109106 -12.376066 -5.925146
1002 0 16.420860 -0.702066 -6.017559
1003 0 3.220084 -16.928791 -3.689907
1004 0 7.345454 -15.588364 -3.689909
1005 0 16.261940 -3.482617 -5.925124
1006 0 -12.218073 4.572119 -11.895414
1007 0 -7.670012 -4.678985 -15.160679
1008 0 -8.810226 -8.188225 -12.880260
1009 0 3.737638 -7.053134 -15.726040
1010 0 6.722782 -9.221956 -13.445618
1011 0 -5.175396 -4.572136 -16.247993
1012 0 -16.420633 -4.090407 4.836360
1013 0 -17.606983 -0.656907 -1.117606
1014 0 -3.459305 13.228349 -11.102924
1015 0 -7.169543 3.509217 -15.726025
1016 0 1.245140 7.416211 15.851191
1017 0 -9.377916 -13.613674 5.884848
1018 0 -9.368269 -12.772111 7.425848
1019 0 1.622718 8.578297 15.329227
1020 0 -0.345350 -1.062895 -17.657375
1021 0 0.904155 -0.656900 -17.657375
1022 0 13.934486 -4.358441 9.925752
1023 0 11.754092 -7.225944 -11.013115
1024 0 -1.117604 0.000000 -17.657372
1025 0 -0.278715 1.092327 -17.634359
1026 0 14.548168 -8.945786 -4.470490
1027 0 5.630010 -15.201813 7.088011
1028 0 -6.872521 9.052673 -13.458702
1029 0 -4.012352 -16.600529 -4.470499
1030 0 -9.624189 14.671412 -0.781797
1031 0 5.843452 -14.544888 8.205626
1032 0 14.929554 -5.081385 7.935642
1033 0 4.725835 -14.544882 8.896344
1034 0 8.136096 0.000000 15.663570
1035 0 -8.451105 11.905631 -9.925798
1036 0 1.431740 14.725574 9.631691
1037 0 8.628504 1.169741 15.336408
1038 0 9.858453 1.169746 14.576262
1039 0 10.509964 5.848728 12.880264
1040 0 0.160771 14.599291 9.925806
1041 0 8.628504 -1.169741 15.336408
1042 0 6.820115 -5.848714 15.160700
1043 0 7.669995 -4.678968 15.160693
1044 0 -0.219299 15.769064 7.935698
1045 0 -17.095295 2.168808 3.689887
1046 0 -16.860394 1.445872 4.919848
1047 0 -3.447248 -16.987093 -3.352876
1048 0 12.172477 -9.737410 8.248540
1049 0 15.090446 -8.527786 -3.352872
1050 0 13.022354 -8.567652 8.248532
1051 0 -5.098254 -11.905617 -11.997947
1052 0 -1.457135 -16.987085 -4.582841
1053 0 3.835067 -16.481976 -4.919876
1054 0 15.705411 -6.635087 -4.582826
1055 0 -6.820134 -5.848734 -15.160685
1056 0 9.747479 -8.527754 -11.997946
1057 0 7.669995 4.678968 15.160692
1058 0 16.526728 -6.096037 -1.117621
1059 0 -5.732306 5.543430 -15.739115
1060 0 8.271177 -12.700972 -9.045259
1061 0 -7.195814 15.769119 -3.352881
1062 0 -10.814050 -10.874759 8.640801
1063 0 -9.858458 1.169740 -14.576260
1064 0 -3.831094 -11.791103 -12.563292
1065 0 -12.172470 -9.737412 -8.248545
1066 0 12.372641 -8.989147 -8.896339
1067 0 -3.240062 -13.411745 -11.013124
1068 0 13.276802 -8.332244 -8.205618
1069 0 -5.261840 -12.754838 -11.013123
1070 0 -12.885502 -7.737860 -9.253806
1071 0 -13.672009 -4.868337 10.002813
1072 0 -11.341000 9.863676 -9.253819
1073 0 -0.690707 -17.601635 -1.117624
1074 0 13.490261 -8.989153 -7.088001
1075 0 12.718013 -10.052071 -7.088006
1076 0 11.789211 -12.701033 -3.352878
1077 0 -5.905418 16.041645 3.657372
1078 0 14.543634 -4.594200 -9.003824
1079 0 -8.436337 -15.137041 -3.352879
1080 0 8.436337 15.137041 3.352879
1081 0 6.511398 15.788545 4.470503
1082 0 0.643357 0.282755 -17.687710
1083 0 -13.276802 -8.332244 8.205618
1084 0 7.974363 14.725630 5.588121
1085 0 9.523460 11.791132 9.045253
1086 0 7.497074 -12.754852 9.631687
1087 0 3.698162 1.062895 17.229492
1088 0 7.497074 12.754852 9.631687
1089 0 4.962823 1.169741 16.902328
1090 0 8.451099 11.905636 9.925798
1091 0 4.380487 -15.607804 7.088009
1092 0 4.962823 -1.169741 16.902328
1093 0 8.451099 -11.905636 9.925798
1094 0 8.810204 -8.188219 12.880280
1095 0 9.446169 12.628588 7.935696
1096 0 -17.565098 -0.722943 1.229973
1097 0 -7.195817 -15.769117 -3.352883
1098 0 7.626766 -4.735775 -15.231636
1099 0 9.446169 -12.628592 7.935690
1100 0 12.773699 -11.716541 -3.352886
1101 0 7.195817 15.769118 3.352879
1102 0 4.740366 16.928806 -1.229969
1103 0 -12.172470 9.737412 -8.248545
1104 0 -13.022350 8.567654 -8.248541
1105 0 -13.022350 -8.567654 -8.248541
1106 0 -8.805835 -14.599365 -4.582847
1107 0 11.163675 -12.886293 -4.582848
1108 0 -11.177413 9.014448 -10.238648
1109 0 -12.027292 7.844702 -10.238639
1110 0 -12.027292 -7.844706 -10.238638
1111 0 -11.177413 -9.014456 -10.238644
1112 0 -2.873250 -12.628551 -11.997952
1113 0 -13.261408 -9.146477 7.303553
1114 0 -12.504095 -9.020439 8.681801
1115 0 1.319735 -11.079959 -13.640426
1116 0 8.805842 14.599359 4.582848
1117 0 -4.256082 3.030857 16.902300
1118 0 3.821674 -15.201796 8.205628
1119 0 -2.514131 -7.737835 -15.663611
1120 0 -7.950706 1.299636 15.684915
1121 0 -4.962828 1.169739 -16.902327
1122 0 -5.531480 14.565742 8.245848
1123 0 -7.647645 15.627705 1.908428
1124 0 16.953608 4.782222 1.117615
1125 0 -15.351509 -3.845597 -7.823302
1126 0 -11.681315 12.620304 -4.087734
1127 0 -8.401249 13.411783 -7.823354
1128 0 -12.587997 11.790686 -4.008783
1129 0 16.296757 -6.740955 -0.000008
1130 0 -0.774082 -15.136971 9.045263
1131 0 16.531651 -6.018009 1.229955
1132 0 12.885502 7.737860 9.253806
1133 0 1.431740 -14.725574 9.631691
1134 0 -3.616621 -1.313799 17.229504
1135 0 12.027287 7.844707 10.238642
1136 0 11.177407 9.014454 10.238648
1137 0 -4.702549 -1.970699 16.902336
1138 0 -3.327443 -3.863372 16.902340
1139 0 0.160771 -14.599291 9.925806
1140 0 16.531651 6.018003 1.229963
1141 0 16.296759 6.740952 0.000000
1142 0 12.172478 9.737406 8.248546
1143 0 -0.219303 -15.769064 7.935697
1144 0 9.222064 15.032583 0.000000
1145 0 -9.446162 12.628595 -7.935695
1146 0 -14.929549 -5.081388 -7.935651
1147 0 9.091520 -12.886254 -7.935698
1148 0 17.146622 4.125320 0.000000
1149 0 17.565098 -0.722936 -1.229962
1150 0 2.204016 16.600512 5.588116
1151 0 -13.934491 -4.358439 -9.925749
1152 0 -3.778797 -7.844687 -15.336441
1153 0 -4.158869 -9.014435 -14.576302
1154 0 -1.933865 -9.737368 -14.576307
1155 0 2.314783 -11.802899 -12.880285
1156 0 -15.819669 -5.922848 4.745830
1157 0 -4.532593 -3.366752 16.785934
1158 0 10.924723 -6.761853 -12.090570
1159 0 -1.196116 11.460368 13.393229
1160 0 -12.898411 -1.169744 -11.997883
1161 0 -4.725835 -14.544882 -8.896344
1162 0 -13.926891 5.661288 9.342868
1163 0 -3.821674 -15.201796 -8.205628
1164 0 16.751938 5.547624 -0.856330
1165 0 -12.397943 0.000000 -12.563221
1166 0 -5.843452 -14.544888 -8.205626
1167 0 -13.756620 -1.062898 -11.013050
1168 0 -13.756620 1.062898 -11.013050
1169 0 -4.380487 -15.607804 -7.088009
1170 0 3.377404 -14.645935 -9.253840
1171 0 9.787169 -14.646019 1.117626
1172 0 -5.630010 -15.201813 -7.088011
1173 0 -13.276802 8.332244 8.205618
1174 0 16.469128 3.033604 5.588074
1175 0 10.038586 14.413698 -1.275566
1176 0 14.447340 3.188695 9.631628
1177 0 -2.367116 3.033594 17.229504
1178 0 13.934486 4.358441 9.925751
1179 0 17.560051 0.515552 -1.230740
1180 0 -4.702549 1.970699 16.902336
1181 0 -8.955386 0.722934 15.160696
1182 0 -8.955386 -0.722934 15.160696
1183 0 -3.744212 -13.862738 10.238672
1184 0 16.605980 3.863389 4.582808
1185 0 15.105221 8.293682 3.689888
1186 0 14.490237 8.740496 4.919857
1187 0 -9.837048 -14.585768 1.229966
1188 0 -9.222064 -15.032583 -0.000003
1189 0 -6.585318 -15.588362 4.919864
1190 0 10.832088 -13.862827 1.229963
1191 0 2.873253 -12.628549 11.997955
1192 0 -12.790457 11.080044 -4.919867
1193 0 -10.704763 -13.844043 -1.132418
1194 0 9.222064 -15.032583 0.000000
1195 0 9.837047 -14.585767 -1.229970
1196 0 17.220951 1.970706 3.352845
1197 0 -12.898412 1.169740 -11.997883
1198 0 3.454985 -8.293652 -15.160698
1199 0 -8.901517 -14.391063 5.009761
1200 0 17.003160 -3.345812 3.352845
1201 0 11.447070 -13.416016 -0.000008
1202 0 -9.642054 -14.167150 3.727914
1203 0 -3.683247 -12.967336 11.196416
1204 0 -6.020003 -13.067604 10.023798
1205 0 -3.437379 3.823865 16.886213
1206 0 -2.907124 5.580135 16.436043
1207 0 -0.131894 -3.845585 -17.229504
1208 0 -15.638764 1.062898 -8.205557
1209 0 -2.153653 -3.188685 -17.229500
1210 0 -14.929549 5.081388 -7.935651
1211 0 -5.214753 12.649624 -11.082060
1212 0 4.012352 -16.600529 4.470499
1213 0 5.630010 15.201813 7.088011
1214 0 -6.511398 15.788545 -4.470503
1215 0 -2.072121 17.204891 -3.352872
1216 0 4.380487 15.607804 7.088009
1217 0 -14.635319 -3.941425 9.045238
1218 0 3.821674 15.201796 8.205628
1219 0 5.843452 14.544888 8.205626
1220 0 1.758976 -5.413666 16.707539
1221 0 2.153653 -3.188685 17.229500
1222 0 0.131894 -3.845585 17.229504
1223 0 1.758976 5.413666 16.707539
1224 0 4.725835 14.544882 8.896344
1225 0 2.646060 4.358426 16.902336
1226 0 8.633399 -2.681134 -14.938900
1227 0 -11.940536 1.445868 12.880273
1228 0 0.421071 -5.081359 16.902340
1229 0 2.646060 -4.358426 16.902336
1230 0 13.785557 10.909338 1.229968
1231 0 -3.447245 16.987095 -3.352875
1232 0 11.341000 -9.863676 9.253819
1233 0 -14.937331 -4.825664 7.979149
1234 0 14.929554 5.081379 7.935650
1235 0 -4.740366 -16.928806 1.229956
1236 0 -1.457135 16.987085 -4.582841
1237 0 -8.805835 14.599365 -4.582847
1238 0 13.243565 -3.212848 -11.051332
1239 0 4.124285 -15.032509 -8.248566
1240 0 5.499408 -14.585699 -8.248567
1241 0 4.073327 -2.238207 -17.091908
1242 0 -5.051167 11.800396 -12.066889
1243 0 -7.580276 8.188200 -13.640422
1244 0 -8.810226 8.188200 -12.880275
1245 0 -9.858458 -1.169744 -14.576260
1246 0 -8.628508 -1.169747 -15.336405
1247 0 3.744215 -13.862740 -10.238669
1248 0 -0.421064 -5.081363 -16.902336
1249 0 5.119331 -13.415930 -10.238666
1250 0 -14.676575 -5.955482 7.932658
1251 0 -12.507700 -11.847746 -3.709052
1252 0 -13.710011 -5.833374 9.408318
1253 0 -12.054577 -6.508036 10.912318
1254 0 -12.900688 -7.994769 8.926912
1255 0 0.459303 5.048324 16.915365
1256 0 -9.523460 -11.791132 -9.045253
1257 0 4.605151 -3.345800 -16.707539
1258 0 -11.765375 3.886805 12.598736
1259 0 -11.137970 3.230263 13.321777
1260 0 11.177406 -9.014453 10.238648
1261 0 -15.293405 0.000000 -8.896269
1262 0 12.027287 -7.844707 10.238642
1263 0 -15.638764 -1.062898 -8.205557
1264 0 -8.684426 14.921832 -3.571738
1265 0 17.027937 -1.313804 4.470460
1266 0 2.072121 -17.204891 3.352872
1267 0 -1.086391 -15.788496 -7.823355
1268 0 16.396950 0.494223 -6.049148
1269 0 -16.197575 -0.656902 -7.087943
1270 0 -16.197575 0.656902 -7.087943
1271 0 -17.003160 3.345812 -3.352845
1272 0 -15.158129 -8.548279 -1.242080
1273 0 0.690707 17.601635 1.117624
1274 0 16.469128 -3.033604 5.588074
1275 0 7.974363 -14.725630 5.588121
1276 0 2.204016 -16.600512 5.588116
1277 0 -14.972794 1.313808 9.253811
1278 0 14.307207 10.390608 -0.681976
1279 0 3.204837 -9.863647 14.282196
1280 0 -8.136096 0.000000 -15.663570
1281 0 3.204837 9.863647 14.282196
1282 0 3.778793 7.844681 15.336445
1283 0 4.158863 9.014431 14.576307
1284 0 1.933868 9.737366 14.576310
1285 0 -14.341283 0.722934 10.238642
1286 0 -14.341283 -0.722934 10.238642
1287 0 1.553804 -8.567614 15.336449
1288 0 1.933868 -9.737366 14.576310
1289 0 3.778793 -7.844681 15.336445
1290 0 4.158862 -9.014431 14.576307
1291 0 -0.614983 17.582203 1.229967
1292 0 -1.375124 17.582211 -0.000002
1293 0 -15.571247 0.722937 8.248535
1294 0 -17.220951 1.970704 -3.352842
1295 0 -15.571247 -0.722938 8.248538
1296 0 1.457134 -16.987087 4.582838
1297 0 8.805841 -14.599361 4.582842
1298 0 16.605980 -3.863395 4.582800
1299 0 1.375126 17.582211 0.000000
1300 0 0.614986 17.582203 -1.229969
1301 0 12.027294 -10.052058 -8.205623
1302 0 -16.605976 3.863398 -4.582808
1303 0 -14.490215 -8.740528 -4.919858
1304 0 3.447248 -16.987093 3.352872
1305 0 0.219302 -15.769062 -7.935699
1306 0 17.220951 -1.970706 3.352845
1307 0 -7.670012 4.678957 -15.160687
1308 0 -0.160767 -14.599293 -9.925802
1309 0 3.327450 -3.863377 -16.902336
1310 0 -1.553797 -8.567617 -15.336445
1311 0 9.858454 -1.169746 14.576262
1312 0 -8.401249 -13.411783 -7.823354
1313 0 10.978664 13.801556 -0.738245
1314 0 -7.345458 -15.588367 3.689894
1315 0 -10.194392 -13.145226 5.594793
1316 0 -15.057339 -8.338472 -3.709039
1317 0 -10.920677 -3.284519 13.448223
1318 0 -11.684378 -3.822811 12.669012
1319 0 -2.470346 16.522329 -5.608980
1320 0 8.711444 -11.716486 -9.925797
1321 0 7.195817 -15.769118 3.352879
1322 0 -15.351509 3.845597 -7.823302
1323 0 16.874214 -1.611057 -4.889816
1324 0 -6.070684 16.486025 1.187384
1325 0 -3.631527 1.092327 -17.206478
1326 0 -10.636401 13.403491 -3.975393
1327 0 -5.843452 14.544888 -8.205626
1328 0 16.197575 -0.656902 7.087943
1329 0 -14.697769 7.146976 6.486334
1330 0 16.197575 0.656902 7.087943
1331 0 -16.708971 5.838187 0.541247
1332 0 -16.953608 -4.782222 -1.117615
1333 0 -5.630010 15.201813 -7.088011
1334 0 -16.528650 6.278513 0.042261
1335 0 -15.089203 8.211184 -3.998941
1336 0 3.355822 -1.687944 -17.259838
1337 0 -4.380487 15.607804 -7.088009
1338 0 10.504584 -8.945759 -11.013119
1339 0 15.638764 -1.062898 8.205557
1340 0 15.638764 1.062898 8.205557
1341 0 -4.124285 -15.032509 8.248563
1342 0 15.293405 0.000000 8.896269
1343 0 6.148756 16.487919 -1.019183
1344 0 -4.088004 15.123613 -8.226492
1345 0 5.098248 11.905615 11.997952
1346 0 2.873254 12.628549 11.997955
1347 0 -13.835070 4.664359 9.925781
1348 0 -2.079848 -8.740444 15.160713
1349 0 15.364243 -1.842432 -8.183889
1350 0 5.098248 -11.905615 11.997952
1351 0 10.159267 -12.134502 -7.823354
1352 0 1.457138 16.987087 4.582839
1353 0 -3.220074 16.928799 3.689898
1354 0 -15.065033 4.664362 7.935674
1355 0 -17.146622 -4.125322 0.000003
1356 0 -16.911720 -4.848258 1.229965
1357 0 -1.375126 -17.582211 -0.000003
1358 0 -0.614987 -17.582203 1.229966
1359 0 12.555584 -11.802977 3.689879
1360 0 12.790480 -11.080030 4.919843
1361 0 3.447248 16.987093 3.352872
1362 0 14.033224 -4.794783 -9.623453
1363 0 -16.531647 -6.018013 -1.229964
1364 0 1.375126 -17.582211 0.000000
1365 0 0.614986 -17.582203 -1.229969
1366 0 17.146622 -4.125320 0.000000
1367 0 16.911720 -4.848256 -1.229962
1368 0 -2.446161 4.446720 -16.833288
1369 0 -4.962828 -1.169747 -16.902325
1370 0 -16.235252 -6.745405 0.007032
1371 0 -4.389850 -15.849887 6.029429
1372 0 8.465332 -4.975020 -14.668928
1373 0 -3.585834 -10.686061 13.377480
1374 0 -3.476076 -7.132531 15.764426
1375 0 -3.096714 -8.075592 15.388580
1376 0 -9.128136 13.078781 7.325709
1377 0 11.447073 13.416012 0.000000
1378 0 10.832088 13.862823 1.229968
1379 0 -4.710140 14.509810 -8.919324
1380 0 8.390540 -6.096015 -14.282192
1381 0 -3.814948 16.484425 4.929918
1382 0 -14.156967 5.413682 -9.045213
1383 0 14.680040 -5.912142 -7.823334
1384 0 -8.451105 -11.905638 -9.925794
1385 0 -14.774504 5.814482 7.873076
1386 0 -17.027937 -1.313804 -4.470460
1387 0 14.156967 -5.413682 9.045213
1388 0 -3.429587 14.623535 9.241074
1389 0 0.345350 -1.062895 17.657375
1390 0 14.447340 -3.188695 9.631628
1391 0 12.397943 0.000000 12.563221
1392 0 1.117604 0.000000 17.657372
1393 0 -0.904155 -0.656900 17.657375
1394 0 -0.904155 0.656900 17.657375
1395 0 0.345350 1.062895 17.657375
1396 0 12.898406 1.169746 11.997886
1397 0 6.820115 5.848714 15.160700
1398 0 12.898407 -1.169746 11.997886
1399 0 13.022354 8.567646 8.248540
1400 0 -4.176466 15.010111 8.235798
1401 0 -16.911720 4.848257 1.229961
1402 0 -17.146622 4.125319 0.000003
1403 0 14.635426 -9.739595 1.229930
1404 0 -16.531647 6.018013 -1.229964
1405 0 -16.605976 -3.863398 -4.582808
1406 0 -9.446162 -12.628595 -7.935695
1407 0 16.407042 -1.982754 -6.047592
1408 0 4.740366 -16.928806 -1.229969
1409 0 6.115489 -16.481998 -1.229970
1410 0 15.065033 -4.664361 -7.935675
1411 0 -13.934492 4.358435 -9.925749
1412 0 -10.129912 -4.678979 -13.640390
1413 0 -10.509983 -5.848726 -12.880250
1414 0 6.293042 -6.017981 -15.336443
1415 0 7.288090 -6.740921 -14.576302
1416 0 -2.646064 -4.358433 -16.902334
1417 0 -15.330424 -6.910994 5.316229
1418 0 -17.220951 -1.970707 -3.352842
1419 0 -2.215034 14.455955 -9.717262
1420 0 -7.885604 -1.269076 15.662409
1421 0 -8.628508 1.169739 -15.336407
1422 0 -4.112878 -7.637431 15.232156
1423 0 -2.684690 -10.575664 13.673252
1424 0 -11.491524 10.266785 8.513811
1425 0 -15.879078 -7.176599 1.825496
1426 0 -11.725274 -10.513056 7.781476
1427 0 -8.436841 -14.364163 5.794950
1428 0 -8.551793 -13.240561 7.715903
1429 0 -13.313417 -6.859044 9.163206
1430 0 -5.476153 -14.613537 8.209343
1431 0 -6.529932 -13.988579 8.260103
1432 0 -12.183821 10.184518 7.735789
1433 0 -13.192280 9.075368 7.611240
1434 0 10.666809 -10.377436 -9.386571
1435 0 11.012155 -9.314525 -10.077288
1436 0 11.519725 -9.683291 -9.141455
1437 0 9.056789 -10.653575 -10.616512
1438 0 8.299685 -10.235571 -11.601339
1439 0 9.402134 -9.590665 -11.307229
1440 0 7.825233 -8.577049 -13.151507
1441 0 8.107886 -7.336533 -13.716850
1442 0 8.927683 -7.932143 -12.857397
1443 0 5.727735 -8.499016 -14.205758
1444 0 4.732687 -7.776075 -14.965899
1445 0 6.010388 -7.258498 -14.771101
1446 0 4.026810 -5.817356 -16.053205
1447 0 4.315980 -4.581578 -16.380371
1448 0 5.304511 -5.299780 -15.858408
1449 0 1.788774 -5.505150 -16.575171
1450 0 0.828440 -4.675368 -16.902336
1451 0 2.077945 -4.269372 -16.902336
1452 0 6.316702 -12.849449 -10.134376
1453 0 6.756968 -11.864963 -11.014912
1454 0 7.514073 -12.282967 -10.030087
1455 0 4.184482 -12.878253 -11.119205
1456 0 3.249632 -12.340576 -11.999745
1457 0 4.624748 -11.893767 -11.999742
1458 0 2.694850 -10.633150 -13.640423
1459 0 3.074918 -9.463401 -14.400560
1460 0 4.069965 -10.186341 -13.640419
1461 0 0.361891 -10.242512 -14.205765
1462 0 -0.595953 -9.405065 -14.771105
1463 0 0.741958 -9.072762 -14.965902
1464 0 1.140894 -14.353775 -10.030091
1465 0 1.507706 -13.570580 -11.014920
1466 0 2.442555 -14.108257 -10.134380
1467 0 -1.064928 -13.942379 -10.616519
1468 0 -1.969089 -13.285465 -11.307236
1469 0 -0.698116 -13.159184 -11.601348
1470 0 -1.176220 -7.405533 -15.858409
1471 0 -0.798642 -6.243448 -16.380373
1472 0 0.161692 -7.073231 -16.053207
1473 0 -2.560122 -11.664823 -12.857405
1474 0 -2.246993 -10.701095 -13.716856
1475 0 -1.289149 -11.538542 -13.151516
1476 0 -3.627803 -14.605112 -9.141460
1477 0 -3.433933 -14.008429 -10.077291
1478 0 -2.529772 -14.665343 -9.386576
1479 0 2.190868 -0.091390 -17.432796
1480 0 2.451667 -1.031044 -17.402462
1481 0 1.547512 -0.374145 -17.545086
1482 0 3.551730 -0.358897 -17.152576
1483 0 4.269236 -0.909160 -16.984646
1484 0 3.812529 -1.298552 -17.122242
1485 0 5.318223 -2.379398 -16.546141
1486 0 6.894599 -3.440564 -15.729798
1487 0 6.362775 -2.332971 -16.114166
1488 0 5.850047 -3.486991 -16.161772
1489 0 8.577377 -3.445762 -14.848909
1490 0 9.415943 -3.685007 -14.286201
1491 0 8.521355 -4.210391 -14.758919
1492 0 9.285130 -5.570631 -13.809475
1493 0 10.179718 -5.045247 -13.336759
1494 0 10.104925 -6.166242 -12.950024
1495 0 12.120409 -4.196872 -11.926251
1496 0 12.478972 -5.778317 -10.857013
1497 0 12.949779 -4.660963 -10.848794
1498 0 11.649603 -5.314226 -11.934469
1499 0 13.676921 -3.673299 -10.368830
1500 0 14.187331 -3.472716 -9.749201
1501 0 14.110277 -4.133749 -9.686327
1502 0 -6.573328 -13.351528 -9.386573
1503 0 -5.455710 -13.351521 -10.077291
1504 0 -5.649581 -13.948205 -9.141459
1505 0 -7.333488 -11.905631 -10.616511
1506 0 -7.169902 -11.056410 -11.601336
1507 0 -6.215871 -11.905624 -11.307229
1508 0 -5.739157 -10.092676 -13.151505
1509 0 -4.471997 -9.978162 -13.716850
1510 0 -4.785126 -10.941889 -12.857399
1511 0 -6.313117 -8.073715 -14.205750
1512 0 -5.933045 -6.903968 -14.965891
1513 0 -5.045957 -7.959201 -14.771095
1514 0 -4.288308 -5.627369 -16.053200
1515 0 -3.023642 -5.520517 -16.380371
1516 0 -3.401220 -6.682602 -15.858406
1517 0 -4.682985 -3.402389 -16.575161
1518 0 -4.190573 -2.232642 -16.902327
1519 0 -3.418319 -3.295537 -16.902330
1520 0 -10.268644 -9.978183 -10.134360
1521 0 -9.196289 -10.092690 -11.014901
1522 0 -9.359875 -10.941911 -10.030077
1523 0 -10.954937 -7.959212 -11.119179
1524 0 -10.732460 -6.903969 -11.999714
1525 0 -9.882582 -8.073719 -11.999720
1526 0 -9.280033 -5.848729 -13.640394
1527 0 -8.050083 -5.848732 -14.400539
1528 0 -8.430155 -7.018478 -13.640400
1529 0 -9.629444 -3.509235 -14.205729
1530 0 -9.128976 -2.339491 -14.771067
1531 0 -8.399494 -3.509238 -14.965873
1532 0 -13.298758 -5.520528 -10.030045
1533 0 -12.440548 -5.627374 -11.014877
1534 0 -12.663025 -6.682617 -10.134342
1535 0 -13.589130 -3.295541 -10.616460
1536 0 -13.243771 -2.232643 -11.307171
1537 0 -12.730921 -3.402387 -11.601292
1538 0 -7.406614 -1.169747 -15.858377
1539 0 -6.184721 -1.169747 -16.380350
1540 0 -6.677133 -2.339494 -16.053185
1541 0 -11.885093 -1.169744 -12.857342
1542 0 -10.871775 -1.169744 -13.716801
1543 0 -11.372244 -2.339488 -13.151463
1544 0 -15.011383 -1.062898 -9.141388
1545 0 -14.384002 -1.062898 -10.077219
1546 0 -14.729362 -2.125797 -9.386508
1547 0 -14.729362 2.125797 -9.386508
1548 0 -14.384002 1.062898 -10.077219
1549 0 -15.011383 1.062898 -9.141388
1550 0 -13.589131 3.295537 -10.616461
1551 0 -12.730923 3.402379 -11.601293
1552 0 -13.243772 2.232638 -11.307171
1553 0 -11.372245 2.339480 -13.151463
1554 0 -10.871776 1.169740 -13.716801
1555 0 -11.885094 1.169740 -12.857342
1556 0 -9.629445 3.509219 -14.205730
1557 0 -8.399494 3.509218 -14.965878
1558 0 -9.128976 2.339479 -14.771069
1559 0 -7.406614 1.169739 -15.858379
1560 0 -6.677132 2.339478 -16.053188
1561 0 -6.184721 1.169739 -16.380352
1562 0 -4.123939 2.262066 -16.879314
1563 0 -4.616350 3.431805 -16.552151
1564 0 -3.285050 3.354393 -16.856300
1565 0 -12.663025 6.682613 -10.134342
1566 0 -12.440550 5.627366 -11.014878
1567 0 -13.298759 5.520524 -10.030046
1568 0 -10.954937 7.959201 -11.119184
1569 0 -9.882582 8.073701 -11.999729
1570 0 -10.732461 6.903954 -11.999720
1571 0 -8.430155 7.018453 -13.640412
1572 0 -8.050084 5.848705 -14.400550
1573 0 -9.280035 5.848706 -13.640403
1574 0 -6.492450 7.882926 -14.218840
1575 0 -5.404623 7.577652 -14.797258
1576 0 -6.112378 6.713178 -14.978977
1577 0 -9.359875 10.941904 -10.030082
1578 0 -9.196289 10.092676 -11.014911
1579 0 -10.268644 9.978176 -10.134365
1580 0 -7.154207 11.021324 -11.624324
1581 0 -7.317793 11.870552 -10.639495
1582 0 -6.184480 11.835474 -11.353191
1583 0 -3.693251 6.330493 -15.861547
1584 0 -3.069706 5.388607 -16.347418
1585 0 -4.401007 5.466019 -16.043266
1586 0 -4.544232 10.768299 -12.993897
1587 0 -5.371207 9.421033 -13.689380
1588 0 -4.426133 9.648875 -13.843448
1589 0 -5.489307 10.540456 -12.839829
1590 0 -6.557632 13.316457 -9.409552
1591 0 -5.633886 13.913134 -9.164438
1592 0 -5.424320 13.281379 -10.123249
1593 0 -3.046736 14.473907 -9.451283
1594 0 -3.668872 13.860104 -10.144114
1595 0 -3.878438 14.491858 -9.185303
1596 0 15.808588 -2.573627 -7.052867
1597 0 15.219141 -3.342294 -8.061421
1598 0 15.876945 -4.730398 -5.812783
1599 0 15.491952 -5.978179 -5.700442
1600 0 15.278493 -5.321270 -6.818058
1601 0 16.398151 5.642018 -2.568990
1602 0 17.049698 2.941779 -2.197274
1603 0 17.071854 3.801333 -0.966533
1604 0 17.109116 -0.888120 -3.659854
1605 0 17.104069 0.350368 -3.660632
1606 0 17.325150 -0.207384 -2.460702
1607 0 17.347305 -2.098043 -1.229962
1608 0 17.129513 -3.473150 -1.229962
1609 0 17.112404 -2.820979 -2.459924
1610 0 17.196175 2.688910 2.235230
1611 0 17.389191 2.032009 1.117615
1612 0 17.171398 3.407115 1.117615
1613 0 17.220951 0.656902 3.352845
1614 0 17.220951 -0.656902 3.352845
1615 0 17.413967 0.000000 2.235230
1616 0 16.492508 -4.791696 -3.577545
1617 0 16.509617 -5.443867 -2.347583
1618 0 16.107513 -6.039477 -3.465204
1619 0 17.196175 -2.688910 2.235230
1620 0 17.171398 -3.407115 1.117615
1621 0 17.389191 -2.032009 1.117615
1622 0 16.474361 0.000000 6.215449
1623 0 16.751148 -0.656902 5.342955
1624 0 16.751148 0.656902 5.342955
1625 0 11.702900 -11.440372 -6.460621
1626 0 11.012182 -11.440359 -7.578238
1627 0 11.865097 -10.746215 -7.333122
1628 0 10.472958 -12.886280 -5.700464
1629 0 9.405210 -13.638031 -5.812808
1630 0 9.782239 -12.886267 -6.818081
1631 0 7.517122 -14.204500 -7.034714
1632 0 6.696779 -14.019217 -8.144277
1633 0 7.894150 -13.452736 -8.039988
1634 0 5.764970 -15.403074 -6.029440
1635 0 4.389847 -15.849883 -6.029440
1636 0 4.944628 -15.217791 -7.139003
1637 0 2.267843 -15.910118 -7.034714
1638 0 1.520963 -15.523544 -8.039988
1639 0 2.822624 -15.278027 -8.144278
1640 0 0.407370 -16.561644 -5.812805
1641 0 -0.898323 -16.581078 -5.700460
1642 0 -0.339511 -16.175070 -6.818080
1643 0 10.279256 -14.019276 -2.347596
1644 0 9.653719 -14.204535 -3.577565
1645 0 10.721466 -13.452785 -3.465222
1646 0 8.596527 -15.217844 -1.229970
1647 0 7.356008 -15.849920 -1.229970
1648 0 7.970990 -15.403104 -2.459939
1649 0 5.355348 -16.481991 -2.459939
1650 0 4.595207 -16.481983 -3.689908
1651 0 5.970330 -16.035173 -3.689908
1652 0 3.365239 -17.146605 -1.229969
1653 0 1.990112 -17.364403 -1.229969
1654 0 2.605098 -17.146599 -2.459938
1655 0 7.871233 -15.523607 2.235253
1656 0 7.306129 -15.910172 1.117626
1657 0 8.546648 -15.278095 1.117626
1658 0 5.946294 -16.175110 3.352877
1659 0 4.696771 -16.581100 3.352875
1660 0 5.381190 -16.561676 2.235250
1661 0 -0.075721 -17.383831 -2.347593
1662 0 -0.766428 -17.185457 -3.465217
1663 0 0.539265 -17.166023 -3.577562
1664 0 2.756541 -17.185465 2.235248
1665 0 2.065834 -17.383837 1.117624
1666 0 3.440960 -17.166039 1.117624
1667 0 5.090791 -15.668051 6.215507
1668 0 4.551571 -16.134289 5.343003
1669 0 5.801094 -15.728298 5.343005
1670 0 -7.264060 -14.665382 -6.460624
1671 0 -7.477502 -14.008459 -7.578239
1672 0 -6.553756 -14.605135 -7.333125
1673 0 -9.019278 -13.942442 -5.700463
1674 0 -10.064192 -13.159254 -5.812804
1675 0 -9.232719 -13.285519 -6.818079
1676 0 -11.186403 -11.538603 -7.034704
1677 0 -11.263701 -10.701139 -8.144261
1678 0 -10.354932 -11.664867 -8.039978
1679 0 -12.867754 -10.242580 -6.029425
1680 0 -13.717634 -9.072823 -6.029421
1681 0 -12.945052 -9.405117 -7.138983
1682 0 -14.430664 -7.073271 -7.034682
1683 0 -14.293816 -6.243477 -8.039948
1684 0 -13.658083 -7.405565 -8.144244
1685 0 -15.625206 -5.505185 -5.812771
1686 0 -16.047167 -4.269395 -5.700422
1687 0 -15.488358 -4.675391 -6.818037
1688 0 -9.481251 -14.353853 -3.465221
1689 0 -10.156666 -14.108343 -2.347594
1690 0 -10.526165 -13.570666 -3.577562
1691 0 -13.924703 -10.275932 -2.498228
1692 0 -14.207458 -9.508230 -3.709043
1693 0 -13.357580 -10.677988 -3.709047
1694 0 -10.514707 -14.218135 0.659171
1695 0 -16.159239 -5.817394 -3.577542
1696 0 -16.556423 -5.299808 -2.347579
1697 0 -16.581200 -4.581603 -3.465194
1698 0 -16.192341 2.376702 -6.460568
1699 0 -15.633531 2.782699 -7.578182
1700 0 -15.915552 1.719800 -7.333063
1701 0 -16.047167 4.269395 -5.700422
1702 0 -15.625206 5.505185 -5.812771
1703 0 -15.488358 4.675391 -6.818037
1704 0 -14.430664 7.073270 -7.034682
1705 0 -13.658083 7.405565 -8.144244
1706 0 -14.293816 6.243476 -8.039948
1707 0 -13.717634 9.072823 -6.029421
1708 0 -12.867754 10.242580 -6.029425
1709 0 -12.945052 9.405117 -7.138983
1710 0 -11.186403 11.538603 -7.034704
1711 0 -10.354932 11.664867 -8.039978
1712 0 -11.263701 10.701139 -8.144261
1713 0 -10.064192 13.159254 -5.812804
1714 0 -9.019278 13.942442 -5.700463
1715 0 -9.232719 13.285519 -6.818079
1716 0 -16.581200 4.581603 -3.465194
1717 0 -16.556423 5.299808 -2.347579
1718 0 -16.159239 5.817393 -3.577542
1719 0 -12.328735 12.161186 -3.176647
1720 0 -14.036865 10.091583 -3.087862
1721 0 -14.444833 9.623400 -2.382197
1722 0 -13.643387 10.863386 -2.392030
1723 0 -15.838068 -7.262991 -1.222932
1724 0 -15.128117 8.568612 -1.961981
1725 0 -3.548785 15.589852 -7.353988
1726 0 -3.009565 16.056091 -6.481484
1727 0 -2.717083 15.571900 -7.619968
1728 0 0.072918 15.966034 -7.163028
1729 0 -0.207209 16.606306 -5.565994
1730 0 -1.220419 16.141550 -6.592134
1731 0 0.694469 16.348373 -6.281473
1732 0 -0.766428 17.185457 -3.465217
1733 0 -0.075721 17.383831 -2.347593
1734 0 0.539265 17.166023 -3.577562
1735 0 2.605099 17.146599 -2.459938
1736 0 1.990113 17.364403 -1.229969
1737 0 3.365239 17.146605 -1.229969
1738 0 4.711569 16.329044 -4.199499
1739 0 6.101861 16.141033 -2.758743
1740 0 4.693470 16.581919 -2.969529
1741 0 6.119960 15.888157 -3.988713
1742 0 8.037526 15.414949 -2.038366
1743 0 7.389276 15.855843 -1.019183
1744 0 8.629795 15.223766 -1.019183
1745 0 2.756541 17.185465 2.235248
1746 0 3.440960 17.166039 1.117624
1747 0 2.065834 17.383837 1.117624
1748 0 4.696771 16.581100 3.352875
1749 0 5.946294 16.175110 3.352877
1750 0 5.381190 16.561676 2.235250
1751 0 10.543400 13.879721 -2.044713
1752 0 7.871233 15.523607 2.235253
1753 0 8.546648 15.278095 1.117626
1754 0 7.306129 15.910172 1.117626
1755 0 5.090791 15.668051 6.215507
1756 0 5.801094 15.728298 5.343005
1757 0 4.551571 16.134289 5.343003
1758 0 15.633531 -2.782699 7.578182
1759 0 16.192341 -2.376702 6.460568
1760 0 15.915552 -1.719800 7.333063
1761 0 15.488362 -4.675388 6.818028
1762 0 15.625216 -5.505179 5.812755
1763 0 16.047173 -4.269392 5.700414
1764 0 16.159248 -5.817388 3.577525
1765 0 16.556427 -5.299805 2.347570
1766 0 16.581203 -4.581600 3.465185
1767 0 15.502397 -7.776121 2.459902
1768 0 15.267501 -8.499067 1.229938
1769 0 15.899576 -7.258538 1.229947
1770 0 15.262577 -8.577095 -1.117638
1771 0 15.492549 -7.932176 -2.235251
1772 0 15.894652 -7.336566 -1.117630
1773 0 14.088224 -10.235623 -2.235264
1774 0 13.545948 -10.653624 -3.352881
1775 0 14.318196 -9.590705 -3.352877
1776 0 13.658087 -7.405562 8.144236
1777 0 14.430674 -7.073265 7.034665
1778 0 14.293820 -6.243474 8.039939
1779 0 12.945063 -9.405111 7.138969
1780 0 12.867771 -10.242571 6.029406
1781 0 13.717649 -9.072813 6.029399
1782 0 13.405462 -10.633219 3.689872
1783 0 14.020444 -10.186407 2.459901
1784 0 14.255339 -9.463461 3.689865
1785 0 12.186080 -12.340656 2.459917
1786 0 11.816575 -12.878336 1.229954
1787 0 12.801062 -11.893845 1.229946
1788 0 10.354939 -11.664864 8.039973
1789 0 11.186417 -11.538596 7.034693
1790 0 11.263708 -10.701137 8.144257
1791 0 9.232727 -13.285515 6.818074
1792 0 9.019283 -13.942438 5.700458
1793 0 10.064204 -13.159246 5.812794
1794 0 11.889279 -12.849524 -1.117634
1795 0 12.331490 -12.283033 -2.235260
1796 0 12.873766 -11.865033 -1.117643
1797 0 9.481256 -14.353850 3.465215
1798 0 10.156673 -14.108339 2.347589
1799 0 10.526177 -13.570660 3.577552
1800 0 6.553756 -14.605135 7.333125
1801 0 7.264060 -14.665382 6.460624
1802 0 7.477502 -14.008459 7.578239
1803 0 2.184423 -15.728266 7.578239
1804 0 2.743236 -16.134274 6.460620
1805 0 3.282455 -15.668036 7.333124
1806 0 0.898322 -16.581079 5.700458
1807 0 0.339510 -16.175072 6.818077
1808 0 -0.407372 -16.561647 5.812799
1809 0 -0.539266 -17.166027 3.577556
1810 0 0.075720 -17.383831 2.347590
1811 0 0.766427 -17.185459 3.465214
1812 0 -2.605100 -17.146599 2.459928
1813 0 -3.365239 -17.146606 1.229959
1814 0 -1.990113 -17.364405 1.229962
1815 0 -3.440960 -17.166039 -1.117631
1816 0 -2.756541 -17.185465 -2.235252
1817 0 -2.065834 -17.383837 -1.117628
1818 0 -5.381190 -16.561674 -2.235258
1819 0 -5.946294 -16.175110 -3.352880
1820 0 -4.696771 -16.581100 -3.352878
1821 0 -1.520963 -15.523546 8.039985
1822 0 -2.822624 -15.278028 8.144274
1823 0 -2.267845 -15.910121 7.034707
1824 0 -5.741718 -15.430914 5.990210
1825 0 -4.595210 -16.481987 3.689894
1826 0 -5.970334 -16.035177 3.689894
1827 0 -5.355350 -16.481991 2.459925
1828 0 -7.356009 -15.849921 1.229959
1829 0 -7.970993 -15.403107 2.459929
1830 0 -8.596529 -15.217844 1.229963
1831 0 -7.116842 -14.984104 5.990210
1832 0 -7.593242 -14.206716 6.865295
1833 0 -7.306129 -15.910171 -1.117633
1834 0 -8.546648 -15.278095 -1.117630
1835 0 -7.871233 -15.523605 -2.235256
1836 0 -13.658000 -8.120807 7.548663
1837 0 -14.264587 -7.795385 6.785481
1838 0 -15.694480 -4.842579 5.885104
1839 0 -14.279982 -6.981153 7.687547
1840 0 -16.437744 -4.742576 3.606395
1841 0 -15.147326 -5.525913 6.970856
1842 0 -17.129513 -3.473153 1.229968
1843 0 -17.112404 -2.820984 2.459932
1844 0 -17.347305 -2.098048 1.229970
1845 0 -17.389191 -2.032012 -1.117609
1846 0 -17.196175 -2.688912 -2.235227
1847 0 -17.171398 -3.407117 -1.117612
1848 0 -17.413967 -0.000003 -2.235224
1849 0 -17.220951 0.656900 -3.352842
1850 0 -17.220951 -0.656904 -3.352842
1851 0 -15.704521 -2.920985 7.078163
1852 0 -15.106070 -3.511856 8.083436
1853 0 -15.402509 -2.036746 8.144252
1854 0 -16.430676 -0.722939 6.029415
1855 0 -16.000961 -0.000001 7.138975
1856 0 -16.430677 0.722935 6.029412
1857 0 -17.095295 0.722934 3.689890
1858 0 -17.330196 -0.000005 2.459932
1859 0 -17.095293 -0.722941 3.689894
1860 0 -17.347305 2.098040 1.229967
1861 0 -17.112404 2.820978 2.459925
1862 0 -17.129513 3.473148 1.229964
1863 0 -15.832225 2.759682 7.034685
1864 0 -15.402510 2.036745 8.144248
1865 0 -15.233771 3.350554 8.039961
1866 0 -17.196175 2.688909 -2.235227
1867 0 -17.389191 2.032005 -1.117609
1868 0 -17.171398 3.407114 -1.117612
1869 0 -5.946291 16.175110 -3.352879
1870 0 -5.381185 16.561678 -2.235255
1871 0 -4.696768 16.581104 -3.352877
1872 0 -4.369731 15.852331 6.039483
1873 0 -5.724746 15.407964 6.049534
1874 0 -4.924514 15.220237 7.149049
1875 0 -3.365231 17.146610 1.229963
1876 0 -2.605091 17.146603 2.459932
1877 0 -1.990107 17.364407 1.229965
1878 0 -2.267838 15.910122 7.034710
1879 0 -2.822621 15.278028 8.144275
1880 0 -1.520960 15.523546 8.039986
1881 0 -0.407365 16.561647 5.812801
1882 0 0.339513 16.175072 6.818078
1883 0 0.898325 16.581079 5.700459
1884 0 -2.756538 17.185467 -2.235250
1885 0 -3.440954 17.166042 -1.117628
1886 0 -2.065831 17.383839 -1.117626
1887 0 0.766431 17.185459 3.465215
1888 0 0.075724 17.383831 2.347591
1889 0 -0.539260 17.166027 3.577558
1890 0 2.743236 16.134274 6.460620
1891 0 2.184423 15.728266 7.578239
1892 0 3.282455 15.668036 7.333124
1893 0 7.477502 14.008459 7.578239
1894 0 7.264060 14.665382 6.460624
1895 0 6.553756 14.605135 7.333125
1896 0 9.232727 13.285512 6.818079
1897 0 10.064205 13.159241 5.812805
1898 0 9.019285 13.942435 5.700463
1899 0 10.526178 13.570652 3.577563
1900 0 10.156673 14.108335 2.347595
1901 0 9.481258 14.353848 3.465221
1902 0 12.186084 12.340646 2.459937
1903 0 12.801067 11.893833 1.229968
1904 0 11.816578 12.878328 1.229968
1905 0 13.122855 11.566597 -1.394238
1906 0 11.759778 12.935420 -1.454058
1907 0 14.120541 10.246770 -2.045929
1908 0 11.263708 10.701133 8.144262
1909 0 11.186417 11.538589 7.034705
1910 0 10.354939 11.664861 8.039979
1911 0 12.945064 9.405102 7.138983
1912 0 13.717650 9.072799 6.029420
1913 0 12.867773 10.242558 6.029425
1914 0 14.255344 9.463443 3.689894
1915 0 14.020451 10.186390 2.459931
1916 0 13.405466 10.633204 3.689899
1917 0 15.502399 7.776105 2.459926
1918 0 15.899579 7.258529 1.229963
1919 0 15.267508 8.499054 1.229963
1920 0 14.293821 6.243468 8.039947
1921 0 14.430675 7.073253 7.034680
1922 0 13.658088 7.405557 8.144243
1923 0 15.488363 4.675383 6.818036
1924 0 16.047173 4.269386 5.700422
1925 0 15.625216 5.505168 5.812770
1926 0 15.933936 7.191690 -1.460084
1927 0 15.060215 8.900691 -1.395746
1928 0 13.685961 11.089582 -0.689641
1929 0 14.904389 9.070780 -2.069492
1930 0 16.581203 4.581594 3.465193
1931 0 16.556427 5.299799 2.347578
1932 0 16.159248 5.817376 3.577541
1933 0 15.915552 1.719800 7.333063
1934 0 16.192341 2.376702 6.460568
1935 0 15.633531 2.782699 7.578182
1936 0 14.384002 -1.062898 10.077219
1937 0 14.729362 -2.125797 9.386508
1938 0 15.011383 -1.062898 9.141388
1939 0 13.243767 -2.232644 11.307175
1940 0 12.730913 -3.402390 11.601298
1941 0 13.589127 -3.295542 10.616463
1942 0 12.440540 -5.627377 11.014884
1943 0 12.663021 -6.682619 10.134345
1944 0 13.298754 -5.520530 10.030048
1945 0 10.732445 -6.903970 11.999726
1946 0 9.882565 -8.073715 11.999733
1947 0 10.954926 -7.959211 11.119187
1948 0 9.196276 -10.092684 11.014911
1949 0 9.359869 -10.941908 10.030082
1950 0 10.268638 -9.978180 10.134365
1951 0 7.169890 -11.056405 11.601345
1952 0 6.215865 -11.905622 11.307234
1953 0 7.333482 -11.905628 10.616516
1954 0 10.871771 -1.169746 13.716804
1955 0 11.372235 -2.339491 13.151468
1956 0 11.885089 -1.169746 12.857345
1957 0 9.128967 -2.339486 14.771072
1958 0 8.399481 -3.509227 14.965883
1959 0 9.629431 -3.509232 14.205738
1960 0 8.050064 -5.848719 14.400555
1961 0 8.430134 -7.018469 13.640417
1962 0 9.280014 -5.848723 13.640409
1963 0 5.933031 -6.903953 14.965902
1964 0 5.045947 -7.959192 14.771105
1965 0 6.313100 -8.073704 14.205765
1966 0 6.184717 -1.169741 16.380354
1967 0 6.677124 -2.339482 16.053192
1968 0 7.406610 -1.169741 15.858380
1969 0 4.190569 -2.232636 16.902330
1970 0 3.418314 -3.295531 16.902332
1971 0 4.682976 -3.402377 16.575169
1972 0 4.471991 -9.978159 13.716856
1973 0 4.785119 -10.941887 12.857403
1974 0 5.739144 -10.092670 13.151515
1975 0 3.023638 -5.520511 16.380373
1976 0 3.401216 -6.682596 15.858409
1977 0 4.288300 -5.627357 16.053207
1978 0 1.462954 -1.062895 17.514748
1979 0 1.808303 -2.125790 17.372124
1980 0 2.580558 -1.062895 17.372120
1981 0 3.627803 -14.605112 9.141460
1982 0 3.433933 -14.008429 10.077291
1983 0 2.529772 -14.665343 9.386576
1984 0 1.969092 -13.285463 11.307238
1985 0 0.698123 -13.159180 11.601353
1986 0 1.064932 -13.942377 10.616522
1987 0 -1.140890 -14.353773 10.030094
1988 0 -1.507699 -13.570576 11.014925
1989 0 -2.442551 -14.108255 10.134382
1990 0 -4.966225 -13.692562 9.973038
1991 0 -5.732843 -13.775459 9.408890
1992 0 2.560125 -11.664821 12.857407
1993 0 2.246996 -10.701093 13.716858
1994 0 1.289155 -11.538538 13.151522
1995 0 0.595963 -9.405058 14.771111
1996 0 -0.741942 -9.072751 14.965912
1997 0 -0.361878 -10.242503 14.205774
1998 0 1.176226 -7.405528 15.858412
1999 0 0.798648 -6.243443 16.380375
2000 0 -0.161679 -7.073221 16.053213
2001 0 -0.828434 -4.675363 16.902340
2002 0 -2.077939 -4.269368 16.902340
2003 0 -1.788761 -5.505141 16.575176
2004 0 -0.558806 -1.719795 17.514751
2005 0 -1.462961 -2.376695 17.372128
2006 0 -0.213456 -2.782690 17.372128
2007 0 -12.915438 -5.446477 10.470181
2008 0 -13.840746 -3.554529 10.107100
2009 0 -13.209234 -2.963654 11.091930
2010 0 -14.172544 -2.036742 10.134356
2011 0 -13.541034 -0.000000 11.119185
2012 0 -12.740785 -0.722934 11.999729
2013 0 -12.740785 0.722934 11.999729
2014 0 -14.172544 2.036742 10.134356
2015 0 -13.372295 2.759676 11.014898
2016 0 -14.003807 3.350551 10.030068
2017 0 -9.950436 -0.000000 14.400555
2018 0 -10.945486 0.722934 13.640413
2019 0 -10.945486 -0.722934 13.640413
2020 0 -4.702549 0.656900 16.902336
2021 0 -5.788478 0.000000 16.575171
2022 0 -4.702549 -0.656900 16.902336
2023 0 -8.945755 2.022570 14.924773
2024 0 -2.187874 4.229860 16.886213
2025 0 -6.864777 1.956536 16.012081
2026 0 -1.808310 0.000000 17.514751
2027 0 -2.712465 0.656900 17.372128
2028 0 -2.712465 -0.656900 17.372128
2029 0 -12.552742 8.922314 8.700434
2030 0 -12.949335 7.896644 8.945545
2031 0 1.064932 13.942377 10.616522
2032 0 0.698123 13.159180 11.601353
2033 0 1.969093 13.285463 11.307238
2034 0 -8.487072 13.462709 7.349311
2035 0 -6.481092 14.358614 7.728833
2036 0 -1.581610 13.639093 10.910314
2037 0 -0.534794 9.170015 14.904320
2038 0 -5.825645 1.988016 16.445328
2039 0 2.560125 11.664821 12.857407
2040 0 1.289156 11.538538 13.151522
2041 0 2.246997 10.701093 13.716858
2042 0 -0.054532 7.050869 16.059017
2043 0 -0.558806 1.719795 17.514751
2044 0 -0.213456 2.782690 17.372128
2045 0 -1.462961 2.376695 17.372128
2046 0 5.455710 13.351521 10.077291
2047 0 6.573328 13.351528 9.386573
2048 0 5.649581 13.948205 9.141459
2049 0 6.215865 11.905622 11.307234
2050 0 7.169890 11.056405 11.601345
2051 0 7.333482 11.905628 10.616516
2052 0 9.196277 10.092685 11.014911
2053 0 10.268639 9.978181 10.134365
2054 0 9.359869 10.941908 10.030082
2055 0 9.882565 8.073716 11.999733
2056 0 10.732445 6.903970 11.999725
2057 0 10.954926 7.959212 11.119186
2058 0 12.440538 5.627377 11.014883
2059 0 13.298754 5.520530 10.030048
2060 0 12.663020 6.682619 10.134344
2061 0 12.730911 3.402390 11.601297
2062 0 13.243766 2.232644 11.307175
2063 0 13.589127 3.295542 10.616463
2064 0 4.471991 9.978159 13.716856
2065 0 5.739145 10.092670 13.151515
2066 0 4.785120 10.941887 12.857403
2067 0 5.045947 7.959192 14.771105
2068 0 5.933031 6.903953 14.965902
2069 0 6.313101 8.073704 14.205765
2070 0 8.050064 5.848719 14.400555
2071 0 9.280014 5.848723 13.640409
2072 0 8.430134 7.018469 13.640417
2073 0 8.399481 3.509227 14.965882
2074 0 9.128967 2.339487 14.771072
2075 0 9.629431 3.509232 14.205737
2076 0 4.288300 5.627357 16.053207
2077 0 3.401216 6.682596 15.858409
2078 0 3.023638 5.520511 16.380373
2079 0 4.682976 3.402377 16.575169
2080 0 3.418314 3.295531 16.902332
2081 0 4.190569 2.232636 16.902330
2082 0 10.871771 1.169746 13.716804
2083 0 11.885088 1.169746 12.857345
2084 0 11.372234 2.339491 13.151468
2085 0 6.184717 1.169741 16.380354
2086 0 7.406610 1.169741 15.858380
2087 0 6.677124 2.339482 16.053192
2088 0 1.462954 1.062895 17.514748
2089 0 2.580558 1.062895 17.372120
2090 0 1.808303 2.125790 17.372124
2091 0 14.384002 1.062898 10.077219
2092 0 15.011383 1.062898 9.141388
2093 0 14.729362 2.125797 9.386508
2094 0 2.529772 14.665343 9.386576
2095 0 3.433933 14.008429 10.077291
2096 0 3.627803 14.605112 9.141460
2097 0 5.455710 -13.351521 10.077291
2098 0 5.649581 -13.948205 9.141459
2099 0 6.573328 -13.351528 9.386573
2100 0 -5.090791 15.668051 -6.215507
2101 0 -5.801094 15.728298 -5.343005
2102 0 -4.551571 16.134289 -5.343003
2103 0 -16.751148 0.656902 -5.342955
2104 0 -16.474361 0.000000 -6.215449
2105 0 -16.751148 -0.656902 -5.342955
2106 0 -5.801094 -15.728298 -5.343005
2107 0 -5.090791 -15.668051 -6.215507
2108 0 -4.551571 -16.134289 -5.343003
2109 0 13.165867 -10.377466 -5.343000
2110 0 13.328064 -9.683310 -6.215501
2111 0 13.938116 -9.314548 -5.342995
2112 0 -7.477502 14.008459 -7.578239
2113 0 -7.264060 14.665382 -6.460624
2114 0 -6.553756 14.605135 -7.333125
2115 0 -16.192341 -2.376702 -6.460568
2116 0 -15.915552 -1.719800 -7.333063
2117 0 -15.633531 -2.782699 -7.578182
2118 0 -2.743236 -16.134274 -6.460620
2119 0 -3.282455 -15.668036 -7.333124
2120 0 -2.184423 -15.728266 -7.578239
2121 0 14.283447 -6.937812 -7.578223
2122 0 14.496906 -7.594721 -6.460607
2123 0 13.886854 -7.963482 -7.333112
2124 0 0.085926 2.467409 -17.356430
2125 0 1.007998 1.657837 -17.409781
2126 0 0.364641 1.375082 -17.522070
2127 0 -2.513923 1.092327 -17.349104
2128 0 -1.675035 2.184654 -17.326092
2129 0 -1.396319 1.092327 -17.491732
2130 0 -1.808303 -2.125790 -17.372124
2131 0 -2.580558 -1.062895 -17.372120
2132 0 -1.462954 -1.062895 -17.514748
2133 0 13.165825 -6.937807 -9.386560
2134 0 12.769233 -7.963477 -9.141450
2135 0 12.261662 -7.594710 -10.077282
2136 0 0.213456 -2.782690 -17.372128
2137 0 0.558806 -1.719795 -17.514751
2138 0 1.462961 -2.376695 -17.372128
2139 0 -9.729716 -13.118326 6.379981
2140 0 -12.154818 -9.722369 8.386518
2141 0 -12.138202 -12.385423 -2.479084
2142 0 -14.881495 -9.518700 0.017717
2143 0 -12.624187 -12.141998 -1.217403
2144 0 -15.454522 -7.820887 -2.479075
2145 0 -4.921374 -15.245629 7.099776
2146 0 -3.239478 -12.283094 12.032572
2147 0 -2.304626 -11.745416 12.913115
2148 0 -2.644828 -9.540457 14.438547
2149 0 -3.765253 -5.896758 16.091589
2150 0 -4.243415 -4.602526 16.458771
2151 0 -8.880653 -1.992010 14.902267
2152 0 -6.799675 -1.925976 15.989575
2153 0 -5.618522 -2.709853 16.458767
2154 0 -6.629718 -3.322029 15.873172
2155 0 -15.372956 5.223610 6.867800
2156 0 -14.377911 6.840152 7.627965
2157 0 -12.990610 7.093014 9.499675
2158 0 -4.575089 16.484432 3.699949
2159 0 -5.310544 16.486019 2.417353
2160 0 -16.459774 4.199438 4.786774
2161 0 -15.861320 4.790310 5.792050
2162 0 -16.476883 4.851608 3.556813
2163 0 -14.239324 9.380941 -3.998946
2164 0 -8.119320 15.308398 -2.454113
2165 0 -13.437878 10.620928 -4.008780
2166 0 -9.729340 14.138644 -3.684079
2167 0 -16.441776 -5.487267 2.473530
2168 0 -16.458887 -6.139436 1.243565
2169 0 -16.276535 -5.376361 3.599364
2170 0 -12.368383 -5.122869 11.295774
2171 0 -12.901047 11.681833 -2.503063
2172 0 -12.375923 -10.448452 6.775037
2173 0 -2.255110 6.937963 16.071228
2174 0 -6.467607 2.589896 16.078663
2175 0 -2.057787 6.185281 16.321651
2176 0 -9.111083 2.484859 14.734767
2177 0 -12.280882 5.422827 11.286195
2178 0 -16.131872 -5.968788 3.332122
2179 0 -14.823576 9.140647 -1.711198
2180 0 -6.752814 15.711697 3.972205
2181 0 -3.115331 -10.113258 13.908013
2182 0 -2.870771 -8.808024 14.913564
2183 0 -3.972003 3.790481 16.740017
2184 0 -3.405363 14.166548 9.873535
2185 0 -12.627670 7.595705 9.593954
2186 0 -5.040864 2.509437 16.673813
2187 0 -11.222113 3.872020 13.008281
2188 0 -10.488504 2.768705 13.816001
2189 0 -12.485008 -5.977257 10.691250
2190 0 -3.776858 -12.301105 11.843826
2191 0 15.413270 8.078548 -2.141872
2192 0 -15.372354 -6.481134 5.550097
2193 0 -14.463150 -7.775720 6.402107
2194 0 -7.540863 -13.614570 7.988003
2195 0 5.421113 16.534920 -1.994356
2196 0 0.924360 16.648296 -5.544502
2197 0 -1.338777 16.564318 -5.587487
2198 0 -1.102061 15.718782 -7.596779
2199 0 -10.665300 13.750257 -2.238965
2200 0 -11.014184 -13.799185 0.657369
2201 0 14.881388 -3.968247 -8.532622
2202 0 -6.180914 9.796564 -13.149265
2203 0 -4.561501 9.045502 -14.229494
2204 0 11.701847 -6.270085 -11.473792
2205 0 13.256098 -5.286550 -10.240232
2206 0 12.643459 -4.035377 -11.457355
2207 0 6.738406 -4.111383 -15.696704
2208 0 7.050793 -2.769744 -15.762892
2209 0 5.674758 -1.896197 -16.465441
2210 0 -5.857351 14.317105 8.392788
2211 0 -4.324736 -13.329948 10.584727
2212 0 4.961687 -2.862599 -16.626839
2213 0 11.597358 -4.358367 -12.395147
2214 0 -4.797700 11.284348 -12.530394
2215 0 -10.992963 -11.754619 6.959820
2216 0 -7.746669 14.541510 6.098238
2217 0 15.922151 7.086315 -2.214252
2218 0 -12.026381 -4.472840 11.982393
2219 0 -13.341291 5.568879 10.036242
2220 0 -7.484082 13.910662 7.539072
2221 0 -1.675851 13.182543 11.504908
2222 0 -13.458751 6.377151 9.421271
2223 0 -12.751160 -7.413207 9.506819
2224 0 -13.804210 7.743371 7.728712
2225 0 -12.056488 9.837820 8.308536
2226 0 -10.287305 12.068356 7.584637
2227 0 -11.577351 -10.299940 8.297003
2228 0 -12.302742 -9.935485 7.870992
2229 0 -10.961973 -11.087874 8.125275
2230 0 -11.269662 -10.693907 8.211139
2231 0 -11.417585 -10.907022 7.695612
2232 0 -12.805467 -9.657765 7.380079
2233 0 -12.227999 -10.235336 7.290564
2234 0 -11.873198 -10.726171 7.265949
2235 0 -11.565510 -11.120138 7.180086
2236 0 -15.895801 -7.233240 1.212087
2237 0 -15.493179 -8.034342 0.958441
2238 0 -11.671545 -13.019685 -1.215521
2239 0 15.313648 8.537590 -0.705915
2240 0 14.779181 9.585102 -0.689831
2241 0 16.382582 6.442564 -0.738084
2242 0 15.848115 7.490077 -0.722000
2243 0 15.409931 7.877976 -2.914042
