24
0
0
6
0 0 -0.000000 17.799999 0.000000
1 0 4.606979 17.193480 0.000000
2 0 8.900000 15.415252 0.000000
3 0 12.586500 12.586500 0.000000
4 0 15.415252 8.900000 0.000000
5 0 17.193480 4.606979 0.000000
6 0 17.799999 0.000000 0.000000
7 0 17.193480 -4.606979 0.000000
8 0 15.415252 -8.900000 0.000000
9 0 12.586500 -12.586500 0.000000
10 0 8.900000 -15.415252 0.000000
11 0 4.606979 -17.193480 0.000000
12 0 -0.000000 -17.799999 0.000000
13 0 -4.606979 -17.193480 0.000000
14 0 -8.900000 -15.415252 0.000000
15 0 -12.586500 -12.586500 0.000000
16 0 -15.415252 -8.900000 0.000000
17 0 -17.193480 -4.606979 0.000000
18 0 -17.799999 0.000000 0.000000
19 0 -17.193480 4.606979 0.000000
20 0 -15.415252 8.900000 0.000000
21 0 -12.586500 12.586500 0.000000
22 0 -8.900000 15.415252 0.000000
23 0 -4.606979 17.193480 0.000000
