660
0 0 2 3
1 0 3 4
2 0 4 5
3 0 5 6
4 0 7 8
5 0 10 11
6 0 11 12
7 0 12 13
8 0 13 14
9 0 14 15
10 0 15 16
11 0 16 17
12 0 17 18
13 0 18 19
14 0 19 20
15 0 20 21
16 0 21 22
17 0 22 23
18 0 23 24
19 0 24 25
20 0 25 26
21 0 18 5
22 0 4 17
23 0 0 10
24 0 26 9
25 0 19 6
26 0 13 1
27 0 15 2
28 0 23 7
29 0 16 3
30 0 24 8
31 0 27 28
32 0 28 29
33 0 29 30
34 0 30 31
35 0 31 32
36 0 32 33
37 0 33 34
38 0 34 35
39 0 35 36
40 0 36 37
41 0 37 38
42 0 38 39
43 0 39 40
44 0 40 41
45 0 41 42
46 0 42 43
47 0 37 20
48 0 19 36
49 0 30 13
50 0 12 29
51 0 38 21
52 0 31 14
53 0 39 22
54 0 32 15
55 0 40 23
56 0 33 16
57 0 41 24
58 0 34 17
59 0 27 10
60 0 42 25
61 0 35 18
62 0 28 11
63 0 43 26
64 0 44 45
65 0 45 46
66 0 46 47
67 0 47 48
68 0 48 49
69 0 49 50
70 0 50 51
71 0 51 52
72 0 52 53
73 0 53 54
74 0 54 55
75 0 55 56
76 0 56 57
77 0 57 58
78 0 58 59
79 0 59 60
80 0 50 33
81 0 32 49
82 0 58 41
83 0 40 57
84 0 51 34
85 0 44 27
86 0 59 42
87 0 52 35
88 0 45 28
89 0 60 43
90 0 53 36
91 0 46 29
92 0 54 37
93 0 47 30
94 0 55 38
95 0 48 31
96 0 56 39
97 0 61 62
98 0 62 63
99 0 63 64
100 0 64 65
101 0 65 66
102 0 66 67
103 0 67 68
104 0 68 69
105 0 69 70
106 0 70 71
107 0 71 72
108 0 72 73
109 0 73 74
110 0 74 75
111 0 75 76
112 0 76 77
113 0 63 46
114 0 45 62
115 0 60 77
116 0 71 54
117 0 53 70
118 0 64 47
119 0 72 55
120 0 65 48
121 0 73 56
122 0 66 49
123 0 74 57
124 0 67 50
125 0 75 58
126 0 68 51
127 0 61 44
128 0 76 59
129 0 69 52
130 0 78 79
131 0 79 80
132 0 80 81
133 0 81 82
134 0 82 83
135 0 83 84
136 0 84 85
137 0 85 86
138 0 86 87
139 0 87 88
140 0 88 89
141 0 89 90
142 0 90 91
143 0 91 92
144 0 92 93
145 0 93 94
146 0 91 74
147 0 73 90
148 0 84 67
149 0 66 83
150 0 92 75
151 0 85 68
152 0 78 61
153 0 93 76
154 0 86 69
155 0 79 62
156 0 94 77
157 0 87 70
158 0 80 63
159 0 88 71
160 0 81 64
161 0 89 72
162 0 82 65
163 0 95 96
164 0 96 97
165 0 97 98
166 0 98 99
167 0 99 100
168 0 100 101
169 0 101 102
170 0 102 103
171 0 103 104
172 0 104 105
173 0 105 106
174 0 106 107
175 0 107 108
176 0 108 109
177 0 109 110
178 0 110 111
179 0 104 87
180 0 86 103
181 0 97 80
182 0 79 96
183 0 94 111
184 0 105 88
185 0 98 81
186 0 106 89
187 0 99 82
188 0 107 90
189 0 100 83
190 0 108 91
191 0 101 84
192 0 109 92
193 0 102 85
194 0 95 78
195 0 110 93
196 0 112 113
197 0 113 114
198 0 114 115
199 0 115 116
200 0 116 117
201 0 117 118
202 0 118 119
203 0 119 120
204 0 120 121
205 0 121 122
206 0 122 123
207 0 123 124
208 0 124 125
209 0 125 126
210 0 126 127
211 0 127 128
212 0 117 100
213 0 99 116
214 0 125 108
215 0 107 124
216 0 118 101
217 0 126 109
218 0 119 102
219 0 112 95
220 0 127 110
221 0 120 103
222 0 113 96
223 0 128 111
224 0 121 104
225 0 114 97
226 0 122 105
227 0 115 98
228 0 123 106
229 0 129 130
230 0 130 131
231 0 131 132
232 0 132 133
233 0 133 134
234 0 134 135
235 0 135 136
236 0 136 137
237 0 137 138
238 0 138 139
239 0 139 140
240 0 140 141
241 0 141 142
242 0 142 143
243 0 143 144
244 0 144 145
245 0 130 113
246 0 112 129
247 0 145 128
248 0 127 144
249 0 138 121
250 0 120 137
251 0 131 114
252 0 139 122
253 0 132 115
254 0 140 123
255 0 133 116
256 0 141 124
257 0 134 117
258 0 142 125
259 0 135 118
260 0 143 126
261 0 136 119
262 0 146 147
263 0 147 148
264 0 148 149
265 0 149 150
266 0 150 151
267 0 151 152
268 0 152 153
269 0 153 154
270 0 154 155
271 0 155 156
272 0 156 157
273 0 157 158
274 0 158 159
275 0 159 160
276 0 160 161
277 0 161 162
278 0 158 141
279 0 140 157
280 0 151 134
281 0 133 150
282 0 159 142
283 0 152 135
284 0 160 143
285 0 153 136
286 0 146 129
287 0 161 144
288 0 154 137
289 0 147 130
290 0 162 145
291 0 155 138
292 0 148 131
293 0 156 139
294 0 149 132
295 0 163 164
296 0 164 165
297 0 165 166
298 0 166 167
299 0 167 168
300 0 168 169
301 0 169 170
302 0 170 171
303 0 171 172
304 0 172 173
305 0 173 174
306 0 174 175
307 0 175 176
308 0 176 177
309 0 177 178
310 0 178 179
311 0 178 161
312 0 160 177
313 0 171 154
314 0 153 170
315 0 164 147
316 0 146 163
317 0 179 162
318 0 172 155
319 0 165 148
320 0 173 156
321 0 166 149
322 0 174 157
323 0 167 150
324 0 175 158
325 0 168 151
326 0 176 159
327 0 169 152
328 0 180 181
329 0 181 182
330 0 182 183
331 0 183 184
332 0 184 185
333 0 185 186
334 0 186 187
335 0 187 188
336 0 188 189
337 0 189 190
338 0 190 191
339 0 191 192
340 0 192 193
341 0 193 194
342 0 194 195
343 0 195 196
344 0 191 174
345 0 173 190
346 0 184 167
347 0 166 183
348 0 192 175
349 0 185 168
350 0 193 176
351 0 186 169
352 0 194 177
353 0 187 170
354 0 180 163
355 0 195 178
356 0 188 171
357 0 181 164
358 0 196 179
359 0 189 172
360 0 182 165
361 0 197 198
362 0 198 199
363 0 199 200
364 0 200 201
365 0 201 202
366 0 202 203
367 0 203 204
368 0 204 205
369 0 205 206
370 0 206 207
371 0 207 208
372 0 208 209
373 0 209 210
374 0 210 211
375 0 211 212
376 0 212 213
377 0 204 187
378 0 186 203
379 0 197 180
380 0 212 195
381 0 194 211
382 0 205 188
383 0 198 181
384 0 213 196
385 0 206 189
386 0 199 182
387 0 207 190
388 0 200 183
389 0 208 191
390 0 201 184
391 0 209 192
392 0 202 185
393 0 210 193
394 0 214 215
395 0 215 216
396 0 216 217
397 0 217 218
398 0 218 219
399 0 219 220
400 0 220 221
401 0 221 222
402 0 222 223
403 0 223 224
404 0 224 225
405 0 225 226
406 0 226 227
407 0 227 228
408 0 228 229
409 0 229 230
410 0 217 200
411 0 199 216
412 0 225 208
413 0 207 224
414 0 218 201
415 0 226 209
416 0 219 202
417 0 227 210
418 0 220 203
419 0 228 211
420 0 221 204
421 0 214 197
422 0 229 212
423 0 222 205
424 0 215 198
425 0 230 213
426 0 223 206
427 0 231 232
428 0 232 233
429 0 233 234
430 0 234 235
431 0 235 236
432 0 236 237
433 0 237 238
434 0 238 239
435 0 239 240
436 0 240 241
437 0 241 242
438 0 242 243
439 0 243 244
440 0 244 245
441 0 245 246
442 0 246 247
443 0 245 228
444 0 227 244
445 0 238 221
446 0 220 237
447 0 231 214
448 0 246 229
449 0 239 222
450 0 232 215
451 0 247 230
452 0 240 223
453 0 233 216
454 0 241 224
455 0 234 217
456 0 242 225
457 0 235 218
458 0 243 226
459 0 236 219
460 0 248 249
461 0 249 250
462 0 250 251
463 0 251 252
464 0 252 253
465 0 253 254
466 0 254 255
467 0 255 256
468 0 256 257
469 0 257 258
470 0 258 259
471 0 259 260
472 0 260 261
473 0 261 262
474 0 262 263
475 0 263 264
476 0 258 241
477 0 240 257
478 0 251 234
479 0 233 250
480 0 259 242
481 0 252 235
482 0 260 243
483 0 253 236
484 0 261 244
485 0 254 237
486 0 262 245
487 0 255 238
488 0 248 231
489 0 263 246
490 0 256 239
491 0 249 232
492 0 264 247
493 0 265 266
494 0 266 267
495 0 267 268
496 0 268 269
497 0 269 270
498 0 270 271
499 0 271 272
500 0 272 273
501 0 273 274
502 0 274 275
503 0 275 276
504 0 276 277
505 0 277 278
506 0 278 279
507 0 279 280
508 0 280 281
509 0 271 254
510 0 253 270
511 0 279 262
512 0 261 278
513 0 272 255
514 0 265 248
515 0 280 263
516 0 273 256
517 0 266 249
518 0 281 264
519 0 274 257
520 0 267 250
521 0 275 258
522 0 268 251
523 0 276 259
524 0 269 252
525 0 277 260
526 0 282 283
527 0 283 284
528 0 284 285
529 0 285 286
530 0 286 287
531 0 287 288
532 0 288 289
533 0 289 290
534 0 290 291
535 0 291 292
536 0 292 293
537 0 293 294
538 0 294 295
539 0 295 296
540 0 296 297
541 0 297 298
542 0 284 267
543 0 266 283
544 0 281 298
545 0 292 275
546 0 274 291
547 0 285 268
548 0 293 276
549 0 286 269
550 0 294 277
551 0 287 270
552 0 295 278
553 0 288 271
554 0 296 279
555 0 289 272
556 0 282 265
557 0 297 280
558 0 290 273
559 0 299 300
560 0 300 301
561 0 301 302
562 0 302 303
563 0 303 304
564 0 304 305
565 0 305 306
566 0 306 307
567 0 307 308
568 0 308 309
569 0 309 310
570 0 310 311
571 0 311 312
572 0 312 313
573 0 313 314
574 0 314 315
575 0 312 295
576 0 294 311
577 0 305 288
578 0 287 304
579 0 313 296
580 0 306 289
581 0 299 282
582 0 314 297
583 0 307 290
584 0 300 283
585 0 315 298
586 0 308 291
587 0 301 284
588 0 309 292
589 0 302 285
590 0 310 293
591 0 303 286
592 0 316 317
593 0 317 318
594 0 318 319
595 0 319 320
596 0 320 321
597 0 321 322
598 0 322 323
599 0 323 324
600 0 324 325
601 0 325 326
602 0 326 327
603 0 327 328
604 0 328 329
605 0 329 330
606 0 330 331
607 0 331 332
608 0 332 315
609 0 314 331
610 0 325 308
611 0 307 324
612 0 318 301
613 0 300 317
614 0 326 309
615 0 319 302
616 0 327 310
617 0 320 303
618 0 328 311
619 0 321 304
620 0 329 312
621 0 322 305
622 0 330 313
623 0 323 306
624 0 316 299
625 0 333 334
626 0 336 337
627 0 337 338
628 0 338 328
629 0 327 337
630 0 320 335
631 0 339 331
632 0 333 317
633 0 334 318
634 0 336 326
635 0 0 333
636 0 334 1
637 0 1 335
638 0 335 2
639 0 6 336
640 0 338 7
641 0 8 339
642 0 339 9
643 0 11 333
644 0 339 25
645 0 12 334
646 0 20 336
647 0 21 337
648 0 14 335
649 0 22 338
650 0 2 321
651 0 7 329
652 0 3 322
653 0 8 330
654 0 4 323
655 0 0 316
656 0 5 324
657 0 9 332
658 0 6 325
659 0 1 319
