340
0
0
78
0 0 0.000000 5.500503 16.928806
1 0 0.000000 12.586500 12.586500
2 0 0.000000 15.859916 8.081031
3 0 0.000000 16.928806 5.500502
4 0 0.000000 17.580853 2.784534
5 0 0.000000 17.799999 -0.000001
6 0 0.000000 17.580853 -2.784533
7 0 0.000000 12.586500 -12.586500
8 0 0.000000 10.462576 -14.400503
9 0 0.000000 5.500503 -16.928804
10 0 1.699749 5.231289 16.928806
11 0 2.497176 7.685517 15.859916
12 0 3.233115 9.950502 14.400502
13 0 3.889443 11.970473 12.586500
14 0 4.450000 13.695692 10.462577
15 0 4.900984 15.083676 8.081031
16 0 5.231289 16.100252 5.500502
17 0 5.432783 16.720385 2.784534
18 0 5.500503 16.928806 -0.000001
19 0 5.432783 16.720385 -2.784533
20 0 5.231289 16.100250 -5.500503
21 0 4.900984 15.083675 -8.081033
22 0 4.450000 13.695692 -10.462576
23 0 3.889443 11.970473 -12.586500
24 0 3.233114 9.950501 -14.400503
25 0 2.497177 7.685518 -15.859915
26 0 1.699749 5.231289 -16.928804
27 0 3.233115 4.450000 16.928806
28 0 4.749912 6.537692 15.859916
29 0 6.149750 8.464403 14.400502
30 0 7.398160 10.182693 12.586500
31 0 8.464404 11.650251 10.462577
32 0 9.322227 12.830942 8.081031
33 0 9.950505 13.695693 5.500502
34 0 10.333768 14.223208 2.784534
35 0 10.462579 14.400503 -0.000001
36 0 10.333768 14.223208 -2.784533
37 0 9.950503 13.695691 -5.500503
38 0 9.322227 12.830941 -8.081033
39 0 8.464404 11.650251 -10.462576
40 0 7.398160 10.182693 -12.586500
41 0 6.149749 8.464402 -14.400503
42 0 4.749913 6.537693 -15.859915
43 0 3.233116 4.450001 -16.928804
44 0 4.450002 3.233114 16.928806
45 0 6.537693 4.749911 15.859916
46 0 8.464405 6.149749 14.400502
47 0 10.182694 7.398159 12.586500
48 0 11.650254 8.464403 10.462577
49 0 12.830945 9.322225 8.081031
50 0 13.695697 9.950502 5.500502
51 0 14.223211 10.333766 2.784534
52 0 14.400506 10.462578 -0.000001
53 0 14.223211 10.333766 -2.784533
54 0 13.695694 9.950501 -5.500503
55 0 12.830945 9.322224 -8.081033
56 0 11.650254 8.464403 -10.462576
57 0 10.182694 7.398159 -12.586500
58 0 8.464404 6.149748 -14.400503
59 0 6.537694 4.749911 -15.859915
60 0 4.450002 3.233115 -16.928804
61 0 5.231291 1.699748 16.928806
62 0 7.685520 2.497175 15.859916
63 0 9.950506 3.233114 14.400502
64 0 11.970476 3.889442 12.586500
65 0 13.695696 4.449999 10.462577
66 0 15.083681 4.900983 8.081031
67 0 16.100256 5.231287 5.500502
68 0 16.720387 5.432781 2.784534
69 0 16.928810 5.500502 -0.000001
70 0 16.720387 5.432781 -2.784533
71 0 16.100254 5.231287 -5.500503
72 0 15.083681 4.900982 -8.081033
73 0 13.695696 4.449999 -10.462576
74 0 11.970476 3.889442 -12.586500
75 0 9.950504 3.233113 -14.400503
76 0 7.685521 2.497175 -15.859915
77 0 5.231291 1.699748 -16.928804
78 0 5.500505 -0.000001 16.928806
79 0 8.081035 -0.000002 15.859916
80 0 10.462583 -0.000002 14.400502
81 0 12.586504 -0.000002 12.586500
82 0 14.400508 -0.000002 10.462577
83 0 15.859921 -0.000002 8.081031
84 0 16.928810 -0.000002 5.500502
85 0 17.580854 -0.000002 2.784534
86 0 17.800005 -0.000002 -0.000001
87 0 17.580854 -0.000002 -2.784533
88 0 16.928808 -0.000002 -5.500503
89 0 15.859921 -0.000003 -8.081033
90 0 14.400508 -0.000002 -10.462576
91 0 12.586504 -0.000002 -12.586500
92 0 10.462581 -0.000002 -14.400503
93 0 8.081036 -0.000002 -15.859915
94 0 5.500505 -0.000001 -16.928804
95 0 5.231291 -1.699751 16.928806
96 0 7.685521 -2.497179 15.859916
97 0 9.950507 -3.233118 14.400502
98 0 11.970477 -3.889445 12.586500
99 0 13.695697 -4.450004 10.462577
100 0 15.083682 -4.900987 8.081031
101 0 16.100256 -5.231293 5.500502
102 0 16.720387 -5.432785 2.784534
103 0 16.928812 -5.500506 -0.000001
104 0 16.720387 -5.432785 -2.784533
105 0 16.100254 -5.231292 -5.500503
106 0 15.083682 -4.900988 -8.081033
107 0 13.695697 -4.450004 -10.462576
108 0 11.970477 -3.889445 -12.586500
109 0 9.950506 -3.233117 -14.400503
110 0 7.685522 -2.497179 -15.859915
111 0 5.231291 -1.699751 -16.928804
112 0 4.450002 -3.233117 16.928806
113 0 6.537694 -4.749915 15.859916
114 0 8.464408 -6.149754 14.400502
115 0 10.182696 -7.398163 12.586500
116 0 11.650256 -8.464408 10.462577
117 0 12.830947 -9.322229 8.081031
118 0 13.695697 -9.950508 5.500502
119 0 14.223210 -10.333770 2.784534
120 0 14.400509 -10.462584 -0.000001
121 0 14.223210 -10.333770 -2.784533
122 0 13.695695 -9.950506 -5.500503
123 0 12.830947 -9.322231 -8.081033
124 0 11.650256 -8.464408 -10.462576
125 0 10.182696 -7.398163 -12.586500
126 0 8.464407 -6.149753 -14.400503
127 0 6.537695 -4.749915 -15.859915
128 0 4.450002 -3.233117 -16.928804
129 0 3.233116 -4.450004 16.928806
130 0 4.749913 -6.537696 15.859916
131 0 6.149753 -8.464409 14.400502
132 0 7.398161 -10.182698 12.586500
133 0 8.464408 -11.650258 10.462577
134 0 9.322230 -12.830948 8.081031
135 0 9.950507 -13.695700 5.500502
136 0 10.333768 -14.223213 2.784534
137 0 10.462583 -14.400511 -0.000001
138 0 10.333768 -14.223213 -2.784533
139 0 9.950505 -13.695697 -5.500503
140 0 9.322229 -12.830950 -8.081033
141 0 8.464408 -11.650258 -10.462576
142 0 7.398161 -10.182698 -12.586500
143 0 6.149752 -8.464409 -14.400503
144 0 4.749914 -6.537697 -15.859915
145 0 3.233116 -4.450004 -16.928804
146 0 1.699749 -5.231293 16.928806
147 0 2.497177 -7.685523 15.859916
148 0 3.233117 -9.950510 14.400502
149 0 3.889443 -11.970479 12.586500
150 0 4.450003 -13.695700 10.462577
151 0 4.900987 -15.083685 8.081031
152 0 5.231292 -16.100262 5.500502
153 0 5.432783 -16.720390 2.784534
154 0 5.500505 -16.928816 -0.000001
155 0 5.432783 -16.720390 -2.784533
156 0 5.231291 -16.100258 -5.500503
157 0 4.900986 -15.083687 -8.081033
158 0 4.450003 -13.695700 -10.462576
159 0 3.889443 -11.970479 -12.586500
160 0 3.233116 -9.950510 -14.400503
161 0 2.497178 -7.685524 -15.859915
162 0 1.699749 -5.231293 -16.928804
163 0 -0.000000 -5.500506 16.928806
164 0 0.000000 -8.081037 15.859916
165 0 0.000001 -10.462585 14.400502
166 0 -0.000001 -12.586507 12.586500
167 0 0.000001 -14.400512 10.462577
168 0 0.000001 -15.859925 8.081031
169 0 0.000000 -16.928818 5.500502
170 0 -0.000000 -17.580858 2.784534
171 0 0.000000 -17.800011 -0.000001
172 0 -0.000000 -17.580858 -2.784533
173 0 0.000000 -16.928814 -5.500503
174 0 -0.000000 -15.859927 -8.081033
175 0 0.000001 -14.400512 -10.462576
176 0 -0.000001 -12.586507 -12.586500
177 0 0.000000 -10.462585 -14.400503
178 0 0.000000 -8.081038 -15.859915
179 0 -0.000000 -5.500506 -16.928804
180 0 -1.699750 -5.231293 16.928806
181 0 -2.497177 -7.685523 15.859916
182 0 -3.233115 -9.950510 14.400502
183 0 -3.889445 -11.970480 12.586500
184 0 -4.450002 -13.695701 10.462577
185 0 -4.900985 -15.083686 8.081031
186 0 -5.231292 -16.100264 5.500502
187 0 -5.432784 -16.720390 2.784534
188 0 -5.500505 -16.928816 -0.000001
189 0 -5.432784 -16.720390 -2.784533
190 0 -5.231290 -16.100260 -5.500503
191 0 -4.900987 -15.083688 -8.081033
192 0 -4.450002 -13.695701 -10.462576
193 0 -3.889445 -11.970480 -12.586500
194 0 -3.233116 -9.950510 -14.400503
195 0 -2.497177 -7.685524 -15.859915
196 0 -1.699750 -5.231293 -16.928804
197 0 -3.233116 -4.450004 16.928806
198 0 -4.749913 -6.537697 15.859916
199 0 -6.149752 -8.464410 14.400502
200 0 -7.398163 -10.182699 12.586500
201 0 -8.464406 -11.650260 10.462577
202 0 -9.322228 -12.830950 8.081031
203 0 -9.950509 -13.695703 5.500502
204 0 -10.333769 -14.223214 2.784534
205 0 -10.462583 -14.400512 -0.000001
206 0 -10.333769 -14.223214 -2.784533
207 0 -9.950506 -13.695700 -5.500503
208 0 -9.322230 -12.830952 -8.081033
209 0 -8.464406 -11.650260 -10.462576
210 0 -7.398163 -10.182699 -12.586500
211 0 -6.149753 -8.464409 -14.400503
212 0 -4.749914 -6.537698 -15.859915
213 0 -3.233116 -4.450004 -16.928804
214 0 -4.450002 -3.233117 16.928806
215 0 -6.537694 -4.749916 15.859916
216 0 -8.464408 -6.149755 14.400502
217 0 -10.182698 -7.398164 12.586500
218 0 -11.650256 -8.464411 10.462577
219 0 -12.830947 -9.322232 8.081031
220 0 -13.695701 -9.950511 5.500502
221 0 -14.223212 -10.333771 2.784534
222 0 -14.400510 -10.462584 -0.000001
223 0 -14.223212 -10.333771 -2.784533
224 0 -13.695697 -9.950509 -5.500503
225 0 -12.830949 -9.322233 -8.081033
226 0 -11.650256 -8.464411 -10.462576
227 0 -10.182698 -7.398164 -12.586500
228 0 -8.464408 -6.149754 -14.400503
229 0 -6.537696 -4.749916 -15.859915
230 0 -4.450002 -3.233117 -16.928804
231 0 -5.231291 -1.699751 16.928806
232 0 -7.685522 -2.497180 15.859916
233 0 -9.950509 -3.233119 14.400502
234 0 -11.970479 -3.889445 12.586500
235 0 -13.695699 -4.450006 10.462577
236 0 -15.083684 -4.900989 8.081031
237 0 -16.100264 -5.231294 5.500502
238 0 -16.720390 -5.432786 2.784534
239 0 -16.928816 -5.500507 -0.000001
240 0 -16.720390 -5.432786 -2.784533
241 0 -16.100258 -5.231294 -5.500503
242 0 -15.083686 -4.900990 -8.081033
243 0 -13.695699 -4.450006 -10.462576
244 0 -11.970479 -3.889445 -12.586500
245 0 -9.950508 -3.233118 -14.400503
246 0 -7.685524 -2.497180 -15.859915
247 0 -5.231291 -1.699751 -16.928804
248 0 -5.500505 -0.000001 16.928806
249 0 -8.081036 -0.000002 15.859916
250 0 -10.462584 -0.000002 14.400502
251 0 -12.586507 -0.000001 12.586500
252 0 -14.400511 -0.000004 10.462577
253 0 -15.859924 -0.000002 8.081031
254 0 -16.928820 -0.000001 5.500502
255 0 -17.580860 -0.000002 2.784534
256 0 -17.800013 -0.000002 -0.000001
257 0 -17.580860 -0.000002 -2.784533
258 0 -16.928814 -0.000003 -5.500503
259 0 -15.859926 -0.000003 -8.081033
260 0 -14.400511 -0.000004 -10.462576
261 0 -12.586507 -0.000001 -12.586500
262 0 -10.462584 -0.000001 -14.400503
263 0 -8.081038 -0.000002 -15.859915
264 0 -5.500505 -0.000001 -16.928804
265 0 -5.231291 1.699748 16.928806
266 0 -7.685522 2.497175 15.859916
267 0 -9.950509 3.233114 14.400502
268 0 -11.970479 3.889444 12.586500
269 0 -13.695700 4.449999 10.462577
270 0 -15.083685 4.900984 8.081031
271 0 -16.100266 5.231292 5.500502
272 0 -16.720392 5.432783 2.784534
273 0 -16.928818 5.500505 -0.000001
274 0 -16.720392 5.432783 -2.784533
275 0 -16.100260 5.231288 -5.500503
276 0 -15.083687 4.900984 -8.081033
277 0 -13.695700 4.449999 -10.462576
278 0 -11.970479 3.889444 -12.586500
279 0 -9.950507 3.233115 -14.400503
280 0 -7.685524 2.497176 -15.859915
281 0 -5.231291 1.699748 -16.928804
282 0 -4.450002 3.233115 16.928806
283 0 -6.537696 4.749912 15.859916
284 0 -8.464409 6.149751 14.400502
285 0 -10.182697 7.398163 12.586500
286 0 -11.650259 8.464405 10.462577
287 0 -12.830949 9.322227 8.081031
288 0 -13.695704 9.950510 5.500502
289 0 -14.223215 10.333769 2.784534
290 0 -14.400513 10.462584 -0.000001
291 0 -14.223215 10.333769 -2.784533
292 0 -13.695700 9.950505 -5.500503
293 0 -12.830951 9.322228 -8.081033
294 0 -11.650259 8.464405 -10.462576
295 0 -10.182697 7.398163 -12.586500
296 0 -8.464407 6.149751 -14.400503
297 0 -6.537697 4.749913 -15.859915
298 0 -4.450002 3.233115 -16.928804
299 0 -3.233116 4.450001 16.928806
300 0 -4.749915 6.537694 15.859916
301 0 -6.149754 8.464407 14.400502
302 0 -7.398162 10.182698 12.586500
303 0 -8.464409 11.650256 10.462577
304 0 -9.322230 12.830947 8.081031
305 0 -9.950511 13.695703 5.500502
306 0 -10.333770 14.223213 2.784534
307 0 -10.462584 14.400511 -0.000001
308 0 -10.333770 14.223213 -2.784533
309 0 -9.950509 13.695698 -5.500503
310 0 -9.322232 12.830948 -8.081033
311 0 -8.464409 11.650256 -10.462576
312 0 -7.398162 10.182698 -12.586500
313 0 -6.149752 8.464406 -14.400503
314 0 -4.749915 6.537695 -15.859915
315 0 -3.233116 4.450001 -16.928804
316 0 -1.699749 5.231291 16.928806
317 0 -2.497179 7.685521 15.859916
318 0 -3.233117 9.950508 14.400502
319 0 -3.889443 11.970479 12.586500
320 0 -4.450004 13.695699 10.462577
321 0 -4.900986 15.083684 8.081031
322 0 -5.231293 16.100266 5.500502
323 0 -5.432784 16.720390 2.784534
324 0 -5.500506 16.928816 -0.000001
325 0 -5.432784 16.720390 -2.784533
326 0 -5.231293 16.100260 -5.500503
327 0 -4.900988 15.083685 -8.081033
328 0 -4.450004 13.695699 -10.462576
329 0 -3.889443 11.970479 -12.586500
330 0 -3.233116 9.950507 -14.400503
331 0 -2.497178 7.685523 -15.859915
332 0 -1.699749 5.231291 -16.928804
333 0 -0.000001 8.081036 15.859916
334 0 -0.000001 10.462584 14.400502
335 0 -0.000001 14.400511 10.462577
336 0 -0.000001 16.928816 -5.500503
337 0 -0.000001 15.859926 -8.081033
338 0 -0.000001 14.400511 -10.462576
339 0 -0.000000 8.081038 -15.859915
