220
0 0 0 1
1 0 0 11
2 0 1 2
3 0 1 12
4 0 2 3
5 0 2 13
6 0 3 4
7 0 3 14
8 0 4 5
9 0 4 15
10 0 5 6
11 0 5 16
12 0 6 7
13 0 6 17
14 0 7 8
15 0 7 18
16 0 8 9
17 0 8 19
18 0 9 10
19 0 9 20
20 0 10 21
21 0 11 12
22 0 11 22
23 0 12 13
24 0 12 23
25 0 13 14
26 0 13 24
27 0 14 15
28 0 14 25
29 0 15 16
30 0 15 26
31 0 16 17
32 0 16 27
33 0 17 18
34 0 17 28
35 0 18 19
36 0 18 29
37 0 19 20
38 0 19 30
39 0 20 21
40 0 20 31
41 0 21 32
42 0 22 23
43 0 22 33
44 0 23 24
45 0 23 34
46 0 24 25
47 0 24 35
48 0 25 26
49 0 25 36
50 0 26 27
51 0 26 37
52 0 27 28
53 0 27 38
54 0 28 29
55 0 28 39
56 0 29 30
57 0 29 40
58 0 30 31
59 0 30 41
60 0 31 32
61 0 31 42
62 0 32 43
63 0 33 34
64 0 33 44
65 0 34 35
66 0 34 45
67 0 35 36
68 0 35 46
69 0 36 37
70 0 36 47
71 0 37 38
72 0 37 48
73 0 38 39
74 0 38 49
75 0 39 40
76 0 39 50
77 0 40 41
78 0 40 51
79 0 41 42
80 0 41 52
81 0 42 43
82 0 42 53
83 0 43 54
84 0 44 45
85 0 44 55
86 0 45 46
87 0 45 56
88 0 46 47
89 0 46 57
90 0 47 48
91 0 47 58
92 0 48 49
93 0 48 59
94 0 49 50
95 0 49 60
96 0 50 51
97 0 50 61
98 0 51 52
99 0 51 62
100 0 52 53
101 0 52 63
102 0 53 54
103 0 53 64
104 0 54 65
105 0 55 56
106 0 55 66
107 0 56 57
108 0 56 67
109 0 57 58
110 0 57 68
111 0 58 59
112 0 58 69
113 0 59 60
114 0 59 70
115 0 60 61
116 0 60 71
117 0 61 62
118 0 61 72
119 0 62 63
120 0 62 73
121 0 63 64
122 0 63 74
123 0 64 65
124 0 64 75
125 0 65 76
126 0 66 67
127 0 66 77
128 0 67 68
129 0 67 78
130 0 68 69
131 0 68 79
132 0 69 70
133 0 69 80
134 0 70 71
135 0 70 81
136 0 71 72
137 0 71 82
138 0 72 73
139 0 72 83
140 0 73 74
141 0 73 84
142 0 74 75
143 0 74 85
144 0 75 76
145 0 75 86
146 0 76 87
147 0 77 78
148 0 77 88
149 0 78 79
150 0 78 89
151 0 79 80
152 0 79 90
153 0 80 81
154 0 80 91
155 0 81 82
156 0 81 92
157 0 82 83
158 0 82 93
159 0 83 84
160 0 83 94
161 0 84 85
162 0 84 95
163 0 85 86
164 0 85 96
165 0 86 87
166 0 86 97
167 0 87 98
168 0 88 89
169 0 88 99
170 0 89 90
171 0 89 100
172 0 90 91
173 0 90 101
174 0 91 92
175 0 91 102
176 0 92 93
177 0 92 103
178 0 93 94
179 0 93 104
180 0 94 95
181 0 94 105
182 0 95 96
183 0 95 106
184 0 96 97
185 0 96 107
186 0 97 98
187 0 97 108
188 0 98 109
189 0 99 100
190 0 99 110
191 0 100 101
192 0 100 111
193 0 101 102
194 0 101 112
195 0 102 103
196 0 102 113
197 0 103 104
198 0 103 114
199 0 104 105
200 0 104 115
201 0 105 106
202 0 105 116
203 0 106 107
204 0 106 117
205 0 107 108
206 0 107 118
207 0 108 109
208 0 108 119
209 0 109 120
210 0 110 111
211 0 111 112
212 0 112 113
213 0 113 114
214 0 114 115
215 0 115 116
216 0 116 117
217 0 117 118
218 0 118 119
219 0 119 120
