121
5
0
0
0 0 -8.903546 -8.903546 0.000000
1 0 -7.122837 -8.903546 0.000000
2 0 -5.342128 -8.903546 0.000000
3 0 -3.561419 -8.903546 0.000000
4 0 -1.780709 -8.903546 0.000000
5 0 0.000000 -8.903546 0.000000
6 0 1.780709 -8.903546 0.000000
7 0 3.561419 -8.903546 0.000000
8 0 5.342128 -8.903546 0.000000
9 0 7.122836 -8.903546 0.000000
10 0 8.903546 -8.903546 0.000000
11 0 -8.903546 -7.122837 0.000000
12 0 -7.122837 -7.122837 0.000000
13 0 -5.342128 -7.122837 0.000000
14 0 -3.561419 -7.122837 0.000000
15 0 -1.780709 -7.122837 0.000000
16 0 0.000000 -7.122837 0.000000
17 0 1.780709 -7.122837 0.000000
18 0 3.561419 -7.122837 0.000000
19 0 5.342128 -7.122837 0.000000
20 0 7.122836 -7.122837 0.000000
21 0 8.903546 -7.122837 0.000000
22 0 -8.903546 -5.342128 0.000000
23 0 -7.122837 -5.342128 0.000000
24 0 -5.342128 -5.342128 0.000000
25 0 -3.561419 -5.342128 0.000000
26 0 -1.780709 -5.342128 0.000000
27 0 0.000000 -5.342128 0.000000
28 0 1.780709 -5.342128 0.000000
29 0 3.561419 -5.342128 0.000000
30 0 5.342128 -5.342128 0.000000
31 0 7.122836 -5.342128 0.000000
32 0 8.903546 -5.342128 0.000000
33 0 -8.903546 -3.561419 0.000000
34 0 -7.122837 -3.561419 0.000000
35 0 -5.342128 -3.561419 0.000000
36 0 -3.561419 -3.561419 0.000000
37 0 -1.780709 -3.561419 0.000000
38 0 0.000000 -3.561419 0.000000
39 0 1.780709 -3.561419 0.000000
40 0 3.561419 -3.561419 0.000000
41 0 5.342128 -3.561419 0.000000
42 0 7.122836 -3.561419 0.000000
43 0 8.903546 -3.561419 0.000000
44 0 -8.903546 -1.780709 0.000000
45 0 -7.122837 -1.780709 0.000000
46 0 -5.342128 -1.780709 0.000000
47 0 -3.561419 -1.780709 0.000000
48 0 -1.780709 -1.780709 0.000000
49 0 0.000000 -1.780709 0.000000
50 0 1.780709 -1.780709 0.000000
51 0 3.561419 -1.780709 0.000000
52 0 5.342128 -1.780709 0.000000
53 0 7.122836 -1.780709 0.000000
54 0 8.903546 -1.780709 0.000000
55 0 -8.903546 0.000000 0.000000
56 0 -7.122837 0.000000 0.000000
57 0 -5.342128 0.000000 0.000000
58 0 -3.561419 0.000000 0.000000
59 0 -1.780709 0.000000 0.000000
60 0 0.000000 0.000000 0.000000
61 0 1.780709 0.000000 0.000000
62 0 3.561419 0.000000 0.000000
63 0 5.342128 0.000000 0.000000
64 0 7.122836 0.000000 0.000000
65 0 8.903546 0.000000 0.000000
66 0 -8.903546 1.780709 0.000000
67 0 -7.122837 1.780709 0.000000
68 0 -5.342128 1.780709 0.000000
69 0 -3.561419 1.780709 0.000000
70 0 -1.780709 1.780709 0.000000
71 0 0.000000 1.780709 0.000000
72 0 1.780709 1.780709 0.000000
73 0 3.561419 1.780709 0.000000
74 0 5.342128 1.780709 0.000000
75 0 7.122836 1.780709 0.000000
76 0 8.903546 1.780709 0.000000
77 0 -8.903546 3.561419 0.000000
78 0 -7.122837 3.561419 0.000000
79 0 -5.342128 3.561419 0.000000
80 0 -3.561419 3.561419 0.000000
81 0 -1.780709 3.561419 0.000000
82 0 0.000000 3.561419 0.000000
83 0 1.780709 3.561419 0.000000
84 0 3.561419 3.561419 0.000000
85 0 5.342128 3.561419 0.000000
86 0 7.122836 3.561419 0.000000
87 0 8.903546 3.561419 0.000000
88 0 -8.903546 5.342128 0.000000
89 0 -7.122837 5.342128 0.000000
90 0 -5.342128 5.342128 0.000000
91 0 -3.561419 5.342128 0.000000
92 0 -1.780709 5.342128 0.000000
93 0 0.000000 5.342128 0.000000
94 0 1.780709 5.342128 0.000000
95 0 3.561419 5.342128 0.000000
96 0 5.342128 5.342128 0.000000
97 0 7.122836 5.342128 0.000000
98 0 8.903546 5.342128 0.000000
99 0 -8.903546 7.122836 0.000000
100 0 -7.122837 7.122836 0.000000
101 0 -5.342128 7.122836 0.000000
102 0 -3.561419 7.122836 0.000000
103 0 -1.780709 7.122836 0.000000
104 0 0.000000 7.122836 0.000000
105 0 1.780709 7.122836 0.000000
106 0 3.561419 7.122836 0.000000
107 0 5.342128 7.122836 0.000000
108 0 7.122836 7.122836 0.000000
109 0 8.903546 7.122836 0.000000
110 0 -8.903546 8.903546 0.000000
111 0 -7.122837 8.903546 0.000000
112 0 -5.342128 8.903546 0.000000
113 0 -3.561419 8.903546 0.000000
114 0 -1.780709 8.903546 0.000000
115 0 0.000000 8.903546 0.000000
116 0 1.780709 8.903546 0.000000
117 0 3.561419 8.903546 0.000000
118 0 5.342128 8.903546 0.000000
119 0 7.122836 8.903546 0.000000
120 0 8.903546 8.903546 0.000000
