840
0 0 0 1
1 0 0 21
2 0 1 2
3 0 1 22
4 0 2 3
5 0 2 23
6 0 3 4
7 0 3 24
8 0 4 5
9 0 4 25
10 0 5 6
11 0 5 26
12 0 6 7
13 0 6 27
14 0 7 8
15 0 7 28
16 0 8 9
17 0 8 29
18 0 9 10
19 0 9 30
20 0 10 11
21 0 10 31
22 0 11 12
23 0 11 32
24 0 12 13
25 0 12 33
26 0 13 14
27 0 13 34
28 0 14 15
29 0 14 35
30 0 15 16
31 0 15 36
32 0 16 17
33 0 16 37
34 0 17 18
35 0 17 38
36 0 18 19
37 0 18 39
38 0 19 20
39 0 19 40
40 0 20 41
41 0 21 22
42 0 21 42
43 0 22 23
44 0 22 43
45 0 23 24
46 0 23 44
47 0 24 25
48 0 24 45
49 0 25 26
50 0 25 46
51 0 26 27
52 0 26 47
53 0 27 28
54 0 27 48
55 0 28 29
56 0 28 49
57 0 29 30
58 0 29 50
59 0 30 31
60 0 30 51
61 0 31 32
62 0 31 52
63 0 32 33
64 0 32 53
65 0 33 34
66 0 33 54
67 0 34 35
68 0 34 55
69 0 35 36
70 0 35 56
71 0 36 37
72 0 36 57
73 0 37 38
74 0 37 58
75 0 38 39
76 0 38 59
77 0 39 40
78 0 39 60
79 0 40 41
80 0 40 61
81 0 41 62
82 0 42 43
83 0 42 63
84 0 43 44
85 0 43 64
86 0 44 45
87 0 44 65
88 0 45 46
89 0 45 66
90 0 46 47
91 0 46 67
92 0 47 48
93 0 47 68
94 0 48 49
95 0 48 69
96 0 49 50
97 0 49 70
98 0 50 51
99 0 50 71
100 0 51 52
101 0 51 72
102 0 52 53
103 0 52 73
104 0 53 54
105 0 53 74
106 0 54 55
107 0 54 75
108 0 55 56
109 0 55 76
110 0 56 57
111 0 56 77
112 0 57 58
113 0 57 78
114 0 58 59
115 0 58 79
116 0 59 60
117 0 59 80
118 0 60 61
119 0 60 81
120 0 61 62
121 0 61 82
122 0 62 83
123 0 63 64
124 0 63 84
125 0 64 65
126 0 64 85
127 0 65 66
128 0 65 86
129 0 66 67
130 0 66 87
131 0 67 68
132 0 67 88
133 0 68 69
134 0 68 89
135 0 69 70
136 0 69 90
137 0 70 71
138 0 70 91
139 0 71 72
140 0 71 92
141 0 72 73
142 0 72 93
143 0 73 74
144 0 73 94
145 0 74 75
146 0 74 95
147 0 75 76
148 0 75 96
149 0 76 77
150 0 76 97
151 0 77 78
152 0 77 98
153 0 78 79
154 0 78 99
155 0 79 80
156 0 79 100
157 0 80 81
158 0 80 101
159 0 81 82
160 0 81 102
161 0 82 83
162 0 82 103
163 0 83 104
164 0 84 85
165 0 84 105
166 0 85 86
167 0 85 106
168 0 86 87
169 0 86 107
170 0 87 88
171 0 87 108
172 0 88 89
173 0 88 109
174 0 89 90
175 0 89 110
176 0 90 91
177 0 90 111
178 0 91 92
179 0 91 112
180 0 92 93
181 0 92 113
182 0 93 94
183 0 93 114
184 0 94 95
185 0 94 115
186 0 95 96
187 0 95 116
188 0 96 97
189 0 96 117
190 0 97 98
191 0 97 118
192 0 98 99
193 0 98 119
194 0 99 100
195 0 99 120
196 0 100 101
197 0 100 121
198 0 101 102
199 0 101 122
200 0 102 103
201 0 102 123
202 0 103 104
203 0 103 124
204 0 104 125
205 0 105 106
206 0 105 126
207 0 106 107
208 0 106 127
209 0 107 108
210 0 107 128
211 0 108 109
212 0 108 129
213 0 109 110
214 0 109 130
215 0 110 111
216 0 110 131
217 0 111 112
218 0 111 132
219 0 112 113
220 0 112 133
221 0 113 114
222 0 113 134
223 0 114 115
224 0 114 135
225 0 115 116
226 0 115 136
227 0 116 117
228 0 116 137
229 0 117 118
230 0 117 138
231 0 118 119
232 0 118 139
233 0 119 120
234 0 119 140
235 0 120 121
236 0 120 141
237 0 121 122
238 0 121 142
239 0 122 123
240 0 122 143
241 0 123 124
242 0 123 144
243 0 124 125
244 0 124 145
245 0 125 146
246 0 126 127
247 0 126 147
248 0 127 128
249 0 127 148
250 0 128 129
251 0 128 149
252 0 129 130
253 0 129 150
254 0 130 131
255 0 130 151
256 0 131 132
257 0 131 152
258 0 132 133
259 0 132 153
260 0 133 134
261 0 133 154
262 0 134 135
263 0 134 155
264 0 135 136
265 0 135 156
266 0 136 137
267 0 136 157
268 0 137 138
269 0 137 158
270 0 138 139
271 0 138 159
272 0 139 140
273 0 139 160
274 0 140 141
275 0 140 161
276 0 141 142
277 0 141 162
278 0 142 143
279 0 142 163
280 0 143 144
281 0 143 164
282 0 144 145
283 0 144 165
284 0 145 146
285 0 145 166
286 0 146 167
287 0 147 148
288 0 147 168
289 0 148 149
290 0 148 169
291 0 149 150
292 0 149 170
293 0 150 151
294 0 150 171
295 0 151 152
296 0 151 172
297 0 152 153
298 0 152 173
299 0 153 154
300 0 153 174
301 0 154 155
302 0 154 175
303 0 155 156
304 0 155 176
305 0 156 157
306 0 156 177
307 0 157 158
308 0 157 178
309 0 158 159
310 0 158 179
311 0 159 160
312 0 159 180
313 0 160 161
314 0 160 181
315 0 161 162
316 0 161 182
317 0 162 163
318 0 162 183
319 0 163 164
320 0 163 184
321 0 164 165
322 0 164 185
323 0 165 166
324 0 165 186
325 0 166 167
326 0 166 187
327 0 167 188
328 0 168 169
329 0 168 189
330 0 169 170
331 0 169 190
332 0 170 171
333 0 170 191
334 0 171 172
335 0 171 192
336 0 172 173
337 0 172 193
338 0 173 174
339 0 173 194
340 0 174 175
341 0 174 195
342 0 175 176
343 0 175 196
344 0 176 177
345 0 176 197
346 0 177 178
347 0 177 198
348 0 178 179
349 0 178 199
350 0 179 180
351 0 179 200
352 0 180 181
353 0 180 201
354 0 181 182
355 0 181 202
356 0 182 183
357 0 182 203
358 0 183 184
359 0 183 204
360 0 184 185
361 0 184 205
362 0 185 186
363 0 185 206
364 0 186 187
365 0 186 207
366 0 187 188
367 0 187 208
368 0 188 209
369 0 189 190
370 0 189 210
371 0 190 191
372 0 190 211
373 0 191 192
374 0 191 212
375 0 192 193
376 0 192 213
377 0 193 194
378 0 193 214
379 0 194 195
380 0 194 215
381 0 195 196
382 0 195 216
383 0 196 197
384 0 196 217
385 0 197 198
386 0 197 218
387 0 198 199
388 0 198 219
389 0 199 200
390 0 199 220
391 0 200 201
392 0 200 221
393 0 201 202
394 0 201 222
395 0 202 203
396 0 202 223
397 0 203 204
398 0 203 224
399 0 204 205
400 0 204 225
401 0 205 206
402 0 205 226
403 0 206 207
404 0 206 227
405 0 207 208
406 0 207 228
407 0 208 209
408 0 208 229
409 0 209 230
410 0 210 211
411 0 210 231
412 0 211 212
413 0 211 232
414 0 212 213
415 0 212 233
416 0 213 214
417 0 213 234
418 0 214 215
419 0 214 235
420 0 215 216
421 0 215 236
422 0 216 217
423 0 216 237
424 0 217 218
425 0 217 238
426 0 218 219
427 0 218 239
428 0 219 220
429 0 219 240
430 0 220 221
431 0 220 241
432 0 221 222
433 0 221 242
434 0 222 223
435 0 222 243
436 0 223 224
437 0 223 244
438 0 224 225
439 0 224 245
440 0 225 226
441 0 225 246
442 0 226 227
443 0 226 247
444 0 227 228
445 0 227 248
446 0 228 229
447 0 228 249
448 0 229 230
449 0 229 250
450 0 230 251
451 0 231 232
452 0 231 252
453 0 232 233
454 0 232 253
455 0 233 234
456 0 233 254
457 0 234 235
458 0 234 255
459 0 235 236
460 0 235 256
461 0 236 237
462 0 236 257
463 0 237 238
464 0 237 258
465 0 238 239
466 0 238 259
467 0 239 240
468 0 239 260
469 0 240 241
470 0 240 261
471 0 241 242
472 0 241 262
473 0 242 243
474 0 242 263
475 0 243 244
476 0 243 264
477 0 244 245
478 0 244 265
479 0 245 246
480 0 245 266
481 0 246 247
482 0 246 267
483 0 247 248
484 0 247 268
485 0 248 249
486 0 248 269
487 0 249 250
488 0 249 270
489 0 250 251
490 0 250 271
491 0 251 272
492 0 252 253
493 0 252 273
494 0 253 254
495 0 253 274
496 0 254 255
497 0 254 275
498 0 255 256
499 0 255 276
500 0 256 257
501 0 256 277
502 0 257 258
503 0 257 278
504 0 258 259
505 0 258 279
506 0 259 260
507 0 259 280
508 0 260 261
509 0 260 281
510 0 261 262
511 0 261 282
512 0 262 263
513 0 262 283
514 0 263 264
515 0 263 284
516 0 264 265
517 0 264 285
518 0 265 266
519 0 265 286
520 0 266 267
521 0 266 287
522 0 267 268
523 0 267 288
524 0 268 269
525 0 268 289
526 0 269 270
527 0 269 290
528 0 270 271
529 0 270 291
530 0 271 272
531 0 271 292
532 0 272 293
533 0 273 274
534 0 273 294
535 0 274 275
536 0 274 295
537 0 275 276
538 0 275 296
539 0 276 277
540 0 276 297
541 0 277 278
542 0 277 298
543 0 278 279
544 0 278 299
545 0 279 280
546 0 279 300
547 0 280 281
548 0 280 301
549 0 281 282
550 0 281 302
551 0 282 283
552 0 282 303
553 0 283 284
554 0 283 304
555 0 284 285
556 0 284 305
557 0 285 286
558 0 285 306
559 0 286 287
560 0 286 307
561 0 287 288
562 0 287 308
563 0 288 289
564 0 288 309
565 0 289 290
566 0 289 310
567 0 290 291
568 0 290 311
569 0 291 292
570 0 291 312
571 0 292 293
572 0 292 313
573 0 293 314
574 0 294 295
575 0 294 315
576 0 295 296
577 0 295 316
578 0 296 297
579 0 296 317
580 0 297 298
581 0 297 318
582 0 298 299
583 0 298 319
584 0 299 300
585 0 299 320
586 0 300 301
587 0 300 321
588 0 301 302
589 0 301 322
590 0 302 303
591 0 302 323
592 0 303 304
593 0 303 324
594 0 304 305
595 0 304 325
596 0 305 306
597 0 305 326
598 0 306 307
599 0 306 327
600 0 307 308
601 0 307 328
602 0 308 309
603 0 308 329
604 0 309 310
605 0 309 330
606 0 310 311
607 0 310 331
608 0 311 312
609 0 311 332
610 0 312 313
611 0 312 333
612 0 313 314
613 0 313 334
614 0 314 335
615 0 315 316
616 0 315 336
617 0 316 317
618 0 316 337
619 0 317 318
620 0 317 338
621 0 318 319
622 0 318 339
623 0 319 320
624 0 319 340
625 0 320 321
626 0 320 341
627 0 321 322
628 0 321 342
629 0 322 323
630 0 322 343
631 0 323 324
632 0 323 344
633 0 324 325
634 0 324 345
635 0 325 326
636 0 325 346
637 0 326 327
638 0 326 347
639 0 327 328
640 0 327 348
641 0 328 329
642 0 328 349
643 0 329 330
644 0 329 350
645 0 330 331
646 0 330 351
647 0 331 332
648 0 331 352
649 0 332 333
650 0 332 353
651 0 333 334
652 0 333 354
653 0 334 335
654 0 334 355
655 0 335 356
656 0 336 337
657 0 336 357
658 0 337 338
659 0 337 358
660 0 338 339
661 0 338 359
662 0 339 340
663 0 339 360
664 0 340 341
665 0 340 361
666 0 341 342
667 0 341 362
668 0 342 343
669 0 342 363
670 0 343 344
671 0 343 364
672 0 344 345
673 0 344 365
674 0 345 346
675 0 345 366
676 0 346 347
677 0 346 367
678 0 347 348
679 0 347 368
680 0 348 349
681 0 348 369
682 0 349 350
683 0 349 370
684 0 350 351
685 0 350 371
686 0 351 352
687 0 351 372
688 0 352 353
689 0 352 373
690 0 353 354
691 0 353 374
692 0 354 355
693 0 354 375
694 0 355 356
695 0 355 376
696 0 356 377
697 0 357 358
698 0 357 378
699 0 358 359
700 0 358 379
701 0 359 360
702 0 359 380
703 0 360 361
704 0 360 381
705 0 361 362
706 0 361 382
707 0 362 363
708 0 362 383
709 0 363 364
710 0 363 384
711 0 364 365
712 0 364 385
713 0 365 366
714 0 365 386
715 0 366 367
716 0 366 387
717 0 367 368
718 0 367 388
719 0 368 369
720 0 368 389
721 0 369 370
722 0 369 390
723 0 370 371
724 0 370 391
725 0 371 372
726 0 371 392
727 0 372 373
728 0 372 393
729 0 373 374
730 0 373 394
731 0 374 375
732 0 374 395
733 0 375 376
734 0 375 396
735 0 376 377
736 0 376 397
737 0 377 398
738 0 378 379
739 0 378 399
740 0 379 380
741 0 379 400
742 0 380 381
743 0 380 401
744 0 381 382
745 0 381 402
746 0 382 383
747 0 382 403
748 0 383 384
749 0 383 404
750 0 384 385
751 0 384 405
752 0 385 386
753 0 385 406
754 0 386 387
755 0 386 407
756 0 387 388
757 0 387 408
758 0 388 389
759 0 388 409
760 0 389 390
761 0 389 410
762 0 390 391
763 0 390 411
764 0 391 392
765 0 391 412
766 0 392 393
767 0 392 413
768 0 393 394
769 0 393 414
770 0 394 395
771 0 394 415
772 0 395 396
773 0 395 416
774 0 396 397
775 0 396 417
776 0 397 398
777 0 397 418
778 0 398 419
779 0 399 400
780 0 399 420
781 0 400 401
782 0 400 421
783 0 401 402
784 0 401 422
785 0 402 403
786 0 402 423
787 0 403 404
788 0 403 424
789 0 404 405
790 0 404 425
791 0 405 406
792 0 405 426
793 0 406 407
794 0 406 427
795 0 407 408
796 0 407 428
797 0 408 409
798 0 408 429
799 0 409 410
800 0 409 430
801 0 410 411
802 0 410 431
803 0 411 412
804 0 411 432
805 0 412 413
806 0 412 433
807 0 413 414
808 0 413 434
809 0 414 415
810 0 414 435
811 0 415 416
812 0 415 436
813 0 416 417
814 0 416 437
815 0 417 418
816 0 417 438
817 0 418 419
818 0 418 439
819 0 419 440
820 0 420 421
821 0 421 422
822 0 422 423
823 0 423 424
824 0 424 425
825 0 425 426
826 0 426 427
827 0 427 428
828 0 428 429
829 0 429 430
830 0 430 431
831 0 431 432
832 0 432 433
833 0 433 434
834 0 434 435
835 0 435 436
836 0 436 437
837 0 437 438
838 0 438 439
839 0 439 440
